0.08265048901155547 0.09874716834485442 24.87
0.08154995275690113 0.10517530385422202 24.84
0.08294175466826392 0.10415301111410746 24.92
0.08147191264273801 0.10521297721254486 24.84
0.07922784435584362 0.09980119621650729 24.82
0.0768341023624789 0.09992409949951064 24.87
0.08190550805095509 0.11410306581857621 24.86
0.07993738533105199 0.09561586840091418 24.85
0.08661132432494145 0.1146522414832748 24.72
0.08636645721177094 0.09738563977365577 24.91
0.07711472892337601 0.09292116585304522 24.93
0.07377567101983051 0.09032900022041579 24.88
0.07986565284261193 0.09792374485122157 24.86
0.07482938485148649 0.08850243065649754 24.92
0.07609841766884973 0.08585327798398024 24.9
0.0789807425411414 0.09194631127134822 24.89
0.07409039523036898 0.09555619047450847 24.9
0.09573227867466871 0.10119281194396568 24.85
0.07607328732217677 0.08880612656593345 24.92
0.07521638339303693 0.09906917738410415 24.89
0.07038803564079543 0.09513979461864097 24.85
0.06709234633216932 0.08665969345038349 24.95
0.06807568486068494 0.09161155720877812 24.91
0.06861545849150463 0.0900111729890386 24.91
0.06981478577874778 0.08659606109664042 24.88
0.06671874830630276 0.08432536500582388 24.92
0.07027525600178608 0.0952266759081235 24.9
0.06772810272044505 0.09104470823041366 24.89
0.06661709847531594 0.0883869228014289 24.9
0.06975515394299237 0.09083364863629018 24.86
0.06971936941902912 0.08785534892778402 24.9
0.07072214500034424 0.08489660921035247 24.92
0.07144189216117414 0.08939689318270183 24.89
0.07114954853712052 0.09095529706107608 24.89
0.07395524113004281 0.09063568998521054 24.88
0.07217175349590133 0.08845404725523598 24.93
0.07246962636742471 0.09200266286860881 24.9
0.07058707698666966 0.08582736502652055 24.92
0.07286501865776274 0.09045419878358685 24.88
0.07217741071654149 0.09368884563263247 24.94
0.07109285744407101 0.09113891033553656 24.92
0.07137404957684512 0.09000588568109169 24.91
0.07245771924498967 0.08718024808102387 24.89
0.07309192151882205 0.08819281693644254 24.88
0.07148654974808222 0.08564407300791677 24.9
0.07021405966313243 0.08760490289213607 24.89
0.0718394394500298 0.08803849058109636 24.92
0.07039967177401008 0.09056451514765584 24.96
0.07082473437885373 0.0893675770864425 24.93
0.07394646652812042 0.09187717455380695 24.88
0.07071707805889504 0.07888731059949794 24.96
0.06723915088833332 0.08475901962554044 24.94
0.06927981757124291 0.08481174512414003 24.91
0.06857816645531722 0.09398064181110055 24.93
0.06870461229344615 0.0926157708194133 24.89
0.07251658068155409 0.08731323042612193 24.91
0.06906531172277752 0.08206528226929866 24.95
0.06973537930542673 0.0898110018370828 24.94
0.07215074323498416 0.08505467185082072 24.91
0.07238190976187642 0.08281152672548753 24.95
0.07571212243568193 0.08835350635861428 24.91
0.07815356818582897 0.08192178436617037 24.91
0.0730368963847573 0.09093790195078322 24.93
0.0742898599556745 0.08830419093399611 24.93
0.07561797288942573 0.08979588316024778 24.9
0.07384522297175611 0.07759899385223168 24.96
0.07589448609053873 0.08436634076757832 24.92
0.07686270322522859 0.08310009181492428 24.91
0.0763360883151889 0.08432905040985972 24.94
0.07488151803583809 0.09252042631564517 24.91
0.06505757180726168 0.087760966870707 24.92
0.06754640684952085 0.08761436340600914 24.92
0.06788352282003174 0.08670493465128215 24.92
0.06631328455222896 0.08232503914745426 24.9
0.06703641076647149 0.08671119139908245 24.94
0.0644777201138963 0.08956391538179587 24.9
0.06542592081153675 0.0883942124110707 24.94
0.06554162780384276 0.0938610881781683 24.92
0.06484806652628361 0.08667145772678841 24.87
0.06756452657894851 0.08627103589170548 24.93
0.07076632765982793 0.09071058935190779 24.89
0.06980649332321054 0.07868307268476782 24.92
0.07154023679433918 0.08309773029659706 24.94
0.0723063062223388 0.08062904590169606 24.91
0.07173768446603501 0.09374711491386178 24.88
0.0686841853518747 0.08363913992004779 24.9
0.07065919742182236 0.07763352214901365 24.92
0.07104078129226687 0.07894540437579334 24.95
0.06866162222791017 0.08428578410691401 24.89
0.06975420875256955 0.08224619722469295 24.93
0.06587888215159876 0.07837811129344563 24.95
0.06366013809032578 0.08369564370878124 24.88
0.06307580601132667 0.0827155644443347 24.89
0.06608449158682517 0.08485891806739532 24.88
0.06931074409868276 0.08606698181029915 24.9
0.06483586148789455 0.08066151749993311 24.94
0.06752244762839543 0.07992349129450949 24.93
0.06552925304705037 0.08230099683433634 24.88
0.06609808534654893 0.07934192938612017 24.89
0.06598660078776275 0.08284637127594263 24.91
