0.03662781006373317 0.06265041935031912 24.98
0.05151233244061393 0.07199146272143808 24.95
0.03776240161029931 0.06588426673408831 24.96
0.03776240161029942 0.06338365028266335 24.96
0.036428789656446026 0.06275232287887089 24.97
0.036428789656446026 0.0625809519189906 24.95
0.03808401148908336 0.06339217505280903 24.98
0.038084011489083136 0.06299763965949778 24.97
0.03712209561009283 0.061543947325393256 24.97
0.03712209561009283 0.06275094003836079 24.94
0.038501532618501866 0.0667420653597266 24.89
0.038501532618501866 0.06692040455197035 24.9
0.038168267627909924 0.06310444814073979 24.98
0.038168267627909924 0.06240520921137216 24.97
0.037785565246403974 0.06672762911023677 24.97
0.037785565246403974 0.06663698682689456 24.97
0.037598403809074865 0.06543586063522577 24.93
0.037598403809074865 0.06369397155804779 24.94
0.03639286637205841 0.06363392048910355 24.98
0.03639286637205852 0.06332660326055461 24.96
0.03500392000718566 0.06359221015862038 24.95
0.03500392000718566 0.06541009028335765 24.94
0.035912591042699615 0.06682002674595044 24.97
0.035912591042699615 0.06388983275756832 24.97
0.03477827174514336 0.060914676019059866 24.98
0.03477827174514314 0.06330445060056089 24.97
0.03604613613044094 0.05996263033524596 24.97
0.03604613613044105 0.05941076958012714 24.98
0.03595350021274446 0.06563806038509279 24.98
0.03595350021274446 0.06215733379783428 24.97
0.03453823244988197 0.061920666715589046 24.96
0.03453823244988197 0.06600271706085781 24.96
0.037370305539304094 0.06246056263250155 24.98
0.037370305539304094 0.0645904907892304 24.96
0.03684764203829427 0.06527193251140961 24.97
0.03684764203829449 0.06345613513116877 24.98
0.036573865030960384 0.0631506113631416 24.97
0.036573865030960384 0.06032193798539498 24.98
0.0354662594085573 0.059242377508506916 24.97
0.0354662594085573 0.05998385506712001 24.98
0.03627873601921949 0.05975964322380445 24.95
0.03627873601921949 0.06070459762147973 24.94
0.034915037499940405 0.05424384494123591 24.95
0.034915037499940405 0.05522071350135249 24.93
0.03529047132111518 0.057647739662749276 24.96
0.03529047132111518 0.061016760678686666 24.95
0.034482341710403985 0.055918435602519856 24.95
0.034482341710403985 0.05539637554410182 24.93
0.03556352428302856 0.05635720113555687 24.96
0.03556352428302856 0.052869757783667204 24.95
0.03488680846008663 0.05801682014288856 24.96
0.03488680846008663 0.059703971149971946 24.94
0.03500125364332907 0.05661019049030247 24.95
0.03500125364332918 0.05646305779442873 24.96
0.034125895278510066 0.05880086083283009 24.95
0.034125895278510066 0.05987971299090433 24.94
0.03486410470922907 0.05841445932228284 24.95
0.03486410470922907 0.055499493442355385 24.98
0.034444926648334206 0.06335693603334691 24.94
0.034444926648334206 0.05714080812702105 24.97
0.03170470823223548 0.05512028657903767 24.98
0.03157311168866028 0.05303563016773505 24.97
0.03061759041790979 0.05375006453540576 24.96
0.03191850589932843 0.05402869165739532 24.97
0.0293179902869235 0.05655463492050061 24.97
0.030668180310023607 0.05835885158031262 24.97
0.0316381374369159 0.06130297767583226 24.96
0.0293525291598975 0.05836839155482065 24.96
0.030101207148039655 0.05802668550859491 24.94
0.03064423984970721 0.054029375336489105 24.95
0.03141619344422386 0.06188760345701949 24.96
0.03210146705731598 0.053825491052625574 24.98
0.030386838456318177 0.0561354386483528 24.93
0.03062427200369544 0.05440725129243884 24.94
0.03065197545394882 0.05556490263233016 24.95
0.03196430711863896 0.05511210317452919 24.98
0.030177048248850036 0.05435335726613755 24.95
0.03104213284088342 0.05695425605451976 24.98
0.03189540787777201 0.05947554351756468 24.95
0.030260999430498425 0.05247193970400199 24.97
0.03203028902835081 0.061224794639818 24.98
0.03333590604016268 0.05951320846605268 24.97
0.032220188374945 0.05913540711163923 24.96
0.03142413048116921 0.06474098202721335 24.93
0.033421783760118284 0.06005334293289566 24.98
0.03480685103211201 0.0646500613783425 24.97
0.03174248709355543 0.06693168283358764 24.94
0.032807135847961466 0.06100932886600352 24.94
0.03335869823698401 0.06753072773846014 24.93
0.03265976026643391 0.05921243733102477 24.97
0.03254765025349726 0.06508826043752192 24.96
0.03208106117221465 0.062183519567385326 24.96
0.032891699552240694 0.06450446957294331 24.94
0.032390328145087355 0.05859893378171355 24.95
0.0323782882761664 0.05810556622112717 24.93
0.03321724824190708 0.05724016972514301 24.96
0.03264525954283515 0.05844134819606328 24.98
0.03306465238762313 0.06187611618500044 24.92
0.03273044857747209 0.06246157789389539 24.98
0.033456827947974666 0.06343595798007773 24.97
0.030771250685680762 0.05872194762275906 24.95
0.02997510002154291 0.05973424935499072 24.96
0.030114605425837326 0.05681716995387409 24.97
0.02848324192876006 0.060811754110454364 24.96
0.030957833686201752 0.057618462513702395 24.98
0.030796104520152023 0.059901550036736584 24.97
0.029433126737947513 0.06293863438100611 24.96
0.0284311437885576 0.05897619717952596 24.98
0.03028274039151102 0.057908703448631194 24.95
0.031041313260597447 0.05981521188643191 24.98
0.03003220437980858 0.05713191846552779 24.97
0.02979838956066516 0.05973197576330147 24.95
0.028116423948958524 0.05565508354924831 24.98
0.029815916610408832 0.05830356875917064 24.97
0.028952507556418983 0.05693979350739187 24.97
0.03025998598065882 0.05712461178743522 24.96
0.029864958649704842 0.05881638623156438 24.93
0.030922294234793424 0.057487553295370586 24.96
0.03087848986295383 0.05997854323920693 24.96
0.03018938729876819 0.05727348109353858 24.97
0.028547444150485157 0.056168613151322266 24.98
0.028176150974079994 0.0558500864155671 24.98
0.029894883536107364 0.0557351917601957 24.96
0.02851923293299974 0.05714619551492239 24.92
0.03144722198176919 0.05552313588670932 24.98
0.029836555780306973 0.05292488604914225 24.95
0.02813654572422375 0.054887994534935536 24.98
0.029668915648980332 0.05134411302755093 24.96
0.029231007674138887 0.055414168462547764 24.98
0.02944873820493643 0.05327060899923608 24.95
0.028176698091569974 0.0553146826055958 24.97
0.03000544031058172 0.054078842657670934 24.98
0.0307304577426899 0.05649620636171815 24.93
0.029712003847893076 0.05791143612916383 24.96
0.030234835688603523 0.052251887077186976 24.97
0.02984098857472317 0.05766009862280186 24.98
0.030081745301326235 0.05465039651510584 24.96
0.028120864571324566 0.05785260663925196 24.97
0.02933757719660557 0.054067144486746654 24.95
0.030208193786753545 0.05549395769152998 24.95
0.028700063399483278 0.05665221695132927 24.98
0.029185365194242197 0.052825835660210596 24.99
0.02858193440705603 0.056977194399868925 24.97
0.03011179953967469 0.05200950787370684 24.97
0.028993941762430198 0.053159112060714886 24.98
0.028527564340828815 0.0568524917691815 24.94
0.02795459494087449 0.05902841449543672 24.96
0.02882402055109301 0.05642674869377318 24.99
0.029343154874818977 0.05355436468676478 24.98
0.029192896116335687 0.05747414062748912 24.97
0.029367900868926267 0.05432087200344715 24.95
0.028814231396638412 0.0542469605283149 24.97
0.027979597269129464 0.05484116194311073 24.97
0.02717555903974811 0.05177793914161144 24.99
0.027945648607756834 0.05120621602319542 24.95
0.029241363126871867 0.05534550083267609 24.97
0.029033882989933812 0.05397401980052319 24.98
0.028448646081444817 0.057787619633908105 24.97
0.028467279168647885 0.05571553477178537 24.95
0.030894887591253695 0.0553326266710904 24.98
0.02677493399377695 0.060273764975346755 24.94
0.025889085091889363 0.06046524591961133 24.96
0.026566555384338497 0.054534701505294714 24.98
0.02544610758285304 0.0615644349809108 24.96
0.02609181058301746 0.05817695197272399 24.95
0.02564932347418558 0.061937397130897076 24.95
0.02542344063437374 0.055514256006536145 24.96
0.025825340492808713 0.061984602174335324 24.96
0.02637562900263757 0.0584521478969694 24.96
0.025547623318982304 0.06280652615676818 24.93
0.027007534135102373 0.057071474191715765 24.96
0.026116414754081108 0.06051542523614761 24.96
0.02701484663982756 0.05622662002335088 24.96
0.026248004475798448 0.05794517269163679 24.96
0.02668109446472 0.05735498205055256 24.93
0.025869705748269634 0.0586786578236006 24.98
0.02739183947209778 0.059907975628258225 24.92
0.025620030124340443 0.059540347970427954 24.93
0.025914424861561924 0.05788892011144009 24.96
0.025345423912515153 0.05857193356351653 24.94
0.031306322703263056 0.0550804527153369 24.9
0.0329903615723246 0.051679250603033355 24.95
0.03033522077581441 0.054756856935917475 24.97
0.03051586472570733 0.05354166946969352 24.97
0.030800628061161017 0.05445003706366092 24.96
0.031073459333607722 0.058235466507949085 24.92
0.03062881187451494 0.05642203092194753 24.96
0.031219197757512362 0.054633791870445814 24.95
0.030343600781523206 0.052963136603893846 24.96
0.03130625603379511 0.05194812873932764 24.96
0.030641167722928353 0.052865485390905076 24.98
0.030457800348389852 0.05657418658933555 24.95
0.032776639667542296 0.050624789900414524 24.96
0.030023576364650473 0.05203018730976405 24.98
0.03245105333420739 0.05652218217237037 24.95
0.03089863880600452 0.05210602747641713 24.95
0.03052049215195196 0.049290696464719175 24.97
0.031260758750898066 0.05329401907117215 24.97
0.030826091911390185 0.0571973748457828 24.92
0.02964168575066406 0.05395606119854601 24.95
