0.03230999708258375 0.06279123245546825 24.98
0.033758908897910334 0.056221246417730075 24.94
0.0346990041205012 0.057090608508712726 24.93
0.03310592408547719 0.05993112768021591 24.96
0.03178621185225117 0.06162708344864498 24.92
0.030761148473195332 0.05696697962203645 24.97
0.033210720980191955 0.06009427710783366 24.98
0.03316559424384724 0.058135359494390415 24.97
0.032172688825920503 0.06012156712444716 24.93
0.031814703426855884 0.05921638661814499 24.95
0.0327380717593968 0.06315520146342846 24.95
0.031859325998691235 0.05828183787434826 24.96
0.032436630662150634 0.06375402341949243 24.98
0.03142067975748564 0.06242738543547488 24.97
0.031400088631505674 0.06401703989676821 24.96
0.032212068444462894 0.05748172284776709 24.96
0.031040786088769368 0.06257100980913588 24.94
0.03225361622107381 0.056998660064414786 24.97
0.03128572368358307 0.060041139932712095 24.95
0.03262239717269866 0.05657012723547783 25.0
