3.199349997196920814e-02 3.450937383830987581e-02 0.000000000000000000e+00
2.910746489241655688e-02 3.537587108462447727e-02 0.000000000000000000e+00
2.631384612524689803e-02 3.932604561901043017e-02 0.000000000000000000e+00
2.533430147036153102e-02 4.942735224112992931e-02 0.000000000000000000e+00
3.592026512401513827e-02 3.533685621737858717e-02 0.000000000000000000e+00
3.031284950768764475e-02 3.812147715376634771e-02 0.000000000000000000e+00
3.032439295657973766e-02 3.640342335314716848e-02 0.000000000000000000e+00
2.948176806993196841e-02 3.848817871162490967e-02 0.000000000000000000e+00
2.887704341319019541e-02 4.047132025579325276e-02 0.000000000000000000e+00
2.677449853166835592e-02 4.135487532320636372e-02 0.000000000000000000e+00
2.927323527357006405e-02 4.003007775006517388e-02 0.000000000000000000e+00
2.533430147036153102e-02 4.942735224112992931e-02 0.000000000000000000e+00
2.631384612524689803e-02 3.932604561901043017e-02 0.000000000000000000e+00
2.677449853166835592e-02 4.135487532320636372e-02 0.000000000000000000e+00
2.944850763507533831e-02 4.357507353978484765e-02 0.000000000000000000e+00
2.994479372660663330e-02 4.159160166071895759e-02 0.000000000000000000e+00
3.107713298320713413e-02 4.177205593906463399e-02 0.000000000000000000e+00
3.592026512401513827e-02 3.533685621737858717e-02 0.000000000000000000e+00
2.533215982112824172e-02 6.050100795703539092e-02 0.000000000000000000e+00
2.554586501522437825e-02 4.567727946582311738e-02 0.000000000000000000e+00
