0.12580181565677395 0.15489133043233205 24.79
0.12137768986289044 0.1275363822222393 24.75
0.11220572978134313 0.16270265500696934 24.66
0.104941595592969 0.12826580401564402 24.77
0.09434748056247111 0.13074220974790185 24.82
0.08737954935368153 0.1310576845051037 24.76
0.09259488516753178 0.10413057440968576 24.92
0.093637425288851 0.1285498972200939 24.88
0.09938774024038255 0.11575920024290953 24.82
0.07288170989646192 0.1190442830179621 24.93
0.054257460270160984 0.0781579580587386 24.89
0.054257460270160984 0.08045465016932596 24.88
0.05066198928510235 0.07574743075505141 24.83
0.05066198928510246 0.0764980282126092 24.94
0.050866724781458705 0.08799325720385098 24.91
0.050866724781458705 0.08071674261355366 24.92
0.05119052317192119 0.08195057696996 24.8
0.05119052317192119 0.08047591440763102 24.92
0.05167474994150867 0.07730288123958817 24.91
0.05167474994150867 0.07182244965676776 24.93
0.05292491002017852 0.08024689301269561 24.86
0.053199839496027024 0.07558772485148213 24.94
0.05106855278205924 0.08339941818981544 24.88
0.05106855278205946 0.08002280726485222 24.89
0.05098690063021294 0.0779822117068818 24.88
0.05098690063021294 0.08218853130938475 24.85
0.05076316613551057 0.08346755076754164 24.92
0.05076316613551057 0.08237990423366359 24.96
0.051569361244974354 0.07470147218535361 24.92
0.050343717729523396 0.0806899616436586 24.89
0.04721958659263581 0.07704065470139665 24.92
0.04721958659263581 0.07449848265470282 24.94
0.04584081419421138 0.07565591606539646 24.94
0.04584081419421138 0.0753532932450518 24.96
0.047824547027819464 0.07923158118608031 24.91
0.047824547027819464 0.07659218426793113 24.95
0.047546184559266735 0.07546315109810042 24.93
0.047546184559266735 0.0739369805920237 24.95
0.04695721049420354 0.07712967241532587 24.92
0.04695721049420354 0.07458102664890798 24.92
0.04716748186828423 0.07654755679871661 24.94
0.04716748186828423 0.07383219257617679 24.92
0.04837229130594323 0.07425887975642254 24.96
0.04837229130594323 0.0722744075327807 24.96
0.04560561688262865 0.07368967493784107 24.96
0.04560561688262876 0.07338988918791056 24.96
0.045386281317905564 0.07303564842673238 24.96
0.045386281317905564 0.07325273341592886 24.96
0.046355358003774216 0.07279075924445655 24.94
0.046355358003774105 0.0713026382764731 24.94
0.04269545062975766 0.06866685244775761 24.93
0.04269545062975766 0.07054510797639313 24.93
0.04352323547179271 0.06882653359338453 24.93
0.04352323547179271 0.07161814559536328 24.92
0.04487524629211692 0.07042833865865239 24.91
0.04487524629211692 0.07472283513746414 24.93
0.04457230796332878 0.07522345225892124 24.91
0.04457230796332867 0.07161149332227845 24.95
0.04512661920511074 0.07427314156872244 24.91
0.04512661920511074 0.0702091054540479 24.94
0.04549364835140157 0.07315923767387189 24.92
0.04549364835140157 0.07296757382961827 24.94
0.044151392722056926 0.0712204620376683 24.94
0.044151392722056926 0.06735261964022765 24.95
0.0425785335044897 0.07598538550566825 24.9
0.0425785335044897 0.07439736429129429 24.88
0.04334877812784388 0.07560059435926136 24.95
0.04334877812784388 0.07474287097461607 24.96
0.04634079117821499 0.07081799176511683 24.96
0.04634079117821499 0.07280724823232287 24.95
0.04386454985315624 0.07253428418021546 24.96
0.04386454985315624 0.07003319214203185 24.94
0.04631429930628106 0.07627785820135724 24.96
0.04631429930628106 0.07450224329318933 24.95
0.04384401263952031 0.07439739867379458 24.94
0.04384401263952031 0.07427437785014523 24.95
0.04488205041024418 0.081591155285483 24.92
0.04488205041024418 0.0805079259744721 24.92
0.044856654824092845 0.07884277732378475 24.94
0.044856654824092845 0.07905458906710539 24.94
0.045594161065873884 0.07386448392492728 24.95
0.045594161065873884 0.07538328625362611 24.94
0.04622985913904343 0.07660075069727157 24.95
0.04622985913904343 0.07301477206911189 24.99
0.045163500626728026 0.07729074183020812 24.94
0.045163500626728026 0.07728582253303684 24.95
0.04668464111011228 0.0870239725931683 24.91
0.04668464111011228 0.07918639223260271 24.91
0.04726408486193934 0.07535412057107937 24.93
0.04726408486193934 0.07780651881647627 24.95
0.04152890652962493 0.07322171559068114 24.96
0.040742697108965165 0.06803333862162231 24.96
0.03994868173850352 0.06862230636001965 24.97
0.03858175219840776 0.07138795830189282 24.96
0.04005333160173563 0.07247835173560713 24.93
0.040705902543131 0.0696331457492616 24.93
0.042395461846475246 0.07148092520763649 24.97
0.03993692031790641 0.06869864674357362 24.95
0.0406152952371055 0.06923256591903926 24.97
0.04034671930369127 0.07060229711018673 24.95
0.04149347499441758 0.07084468441290648 24.96
0.04076013936429457 0.06768212195319623 24.96
0.039678169829495236 0.07401436656971194 24.95
0.041241161331402765 0.0721206209543287 24.98
0.04229670763392901 0.07295800703151034 24.95
0.04004405582157711 0.07084251069284375 24.98
0.04007903328296758 0.07242592118449276 24.95
0.041498992596050055 0.07137107173752288 24.96
0.040675037703129635 0.07406103693038635 24.98
0.04220629349433069 0.06981432950658939 24.96
0.04180521878455257 0.06605185137570657 24.95
0.0401883361179618 0.06648989291622309 24.94
0.040157043983984786 0.06226888294106192 24.96
0.041352791649696186 0.06858156223092793 24.94
0.04029043006148636 0.06771983149837513 24.96
0.040996241489133944 0.06599775171519029 24.97
0.0410682730540094 0.06543943662090657 24.95
0.03964425258159299 0.06571653112505871 24.95
0.04167003010033943 0.06459374115933603 24.97
0.040638343799835885 0.07122119719753739 24.97
0.04215899473539553 0.06562932514417286 24.97
0.03960349743728908 0.06575346251966652 24.94
0.040808426032891365 0.06595123273428594 24.96
0.03949258315163329 0.07323386950690403 24.95
0.04148463614063724 0.06923004354028917 24.95
0.04080776318015922 0.06434943481036326 24.97
0.042481021798844165 0.06498061872394989 24.95
0.041966166966317164 0.06496615723013033 24.92
0.039877085448020155 0.07051951898570119 24.94
0.0409211305754793 0.06618673541145559 24.94
0.03960273254820834 0.0570850225496935 24.96
0.043134323703823974 0.06322447080367088 24.97
0.04142176969323397 0.06342829811530071 24.96
0.041532470764602425 0.060828247316095485 24.95
0.039693476322056 0.06088683696867481 24.94
0.04036750583067761 0.05528956353361958 24.95
0.039135227895345404 0.06783868331806897 24.94
0.040699083234816524 0.05759704283114642 24.99
0.03984689548362508 0.06235572329777994 24.93
0.04027905166366608 0.0605385772332222 24.97
0.04066775269489509 0.058657104424371664 24.97
0.040315371253547005 0.06843123231230808 24.96
0.03996063362802649 0.06032018949092399 24.96
0.039825533842098526 0.0660014414045339 24.96
0.04124190000136774 0.06007816526110399 24.97
0.04043108617934865 0.05927640856502103 24.95
0.04060844703667943 0.05777573332761621 24.92
0.0404347767910892 0.060228719561795985 24.95
0.04167691381280547 0.06077895210674977 24.96
0.043979728802232554 0.06147432372385264 24.96
0.03333623377679229 0.05501483446662325 24.96
0.0328216840793093 0.053703268964490625 24.97
0.0347077262863793 0.05021401460493746 24.95
0.03338535091669459 0.05359897881295228 24.96
0.03459411343369778 0.053885872267139145 24.96
0.037596965771187874 0.051868256254330336 24.96
0.03384022262774944 0.050622248461991814 24.97
0.0349477911711874 0.050919772316110445 24.97
0.034034482064611016 0.05262033297170565 24.96
0.03442789821095926 0.05336188223396332 24.96
0.03491522003657732 0.05528926455211047 24.97
0.03358502491053239 0.04802529425518631 24.97
0.036547362105703196 0.056277462380989074 24.95
0.032581837353569676 0.05640554375272766 24.93
0.03653513547055187 0.050344837247373375 24.96
0.03302179537952754 0.049855683978454746 24.99
0.03674827626686705 0.05516465943743054 24.96
0.035815067471981044 0.05237680319144988 24.96
0.03343215615024975 0.05185016694875888 24.97
0.03443070870731735 0.05328979080067964 24.97
0.031095023006701195 0.04935982263653249 24.96
0.03216615921708754 0.04725232871199492 24.95
0.0322521088986375 0.04689123786371718 24.96
0.031787274130255394 0.047557657849214396 24.96
0.03360298627793712 0.0506039468167333 24.97
0.030615903510381015 0.052141835669688996 24.93
0.03163986327476764 0.048153525540025055 24.97
0.0313064357272832 0.050422761034977115 24.95
0.03317744426138902 0.04959852387210473 24.95
0.03145860497565489 0.050421559480771094 24.97
0.03152380669619392 0.055213702450709556 24.94
0.030860736224103347 0.047623929297876955 24.97
0.03125626836575435 0.04968600167988868 24.97
0.029253172043978037 0.056303862495818646 24.96
0.030543357611821587 0.04872414752823584 24.98
0.03080921322951813 0.04963108214318235 24.96
0.032889199118174006 0.048882766541534006 24.96
0.03032177757620147 0.050574212513661454 24.96
0.03180512371295574 0.04863716874687707 24.97
0.030886533959597284 0.047598867215371765 24.97
0.03026809131303021 0.05545429611486241 24.93
0.03304417927325021 0.05259727723291707 24.92
0.030996258442854807 0.05417866809275618 24.94
0.03215962980452003 0.05103780575107919 24.94
0.030084280531826546 0.05444034667310249 24.92
0.031109267821231468 0.05191239553261795 24.91
0.028726269859776554 0.04951709395169401 24.93
0.03029677496624439 0.04905521724696282 24.95
0.030052135101811928 0.05342720993643768 24.92
0.029515400824870253 0.0580038721527828 24.91
0.02959549947638007 0.05481227774301711 24.95
0.02987873646075978 0.05353535091238104 24.94
0.02975928197440625 0.050596511344352724 24.95
0.02848287326228427 0.053352571363202816 24.96
0.03034075280620696 0.05427073316729181 24.92
0.030091722418868705 0.05392078425592206 24.93
0.02932946688006699 0.05540805748676403 24.92
0.030486511013402384 0.052155221652781414 24.93
0.029319747996902845 0.054294799603261445 24.89
0.028843551975589188 0.05577660206770729 24.9
