0.04435199272088641 0.07784283806864478 24.95
0.04435199272088641 0.07533902562574102 24.97
0.04433889956709469 0.07691504956036577 24.96
0.04433889956709469 0.07393754515852313 24.95
0.04756405801306551 0.07867788592370151 24.97
0.04083559690801564 0.07718846433872695 24.97
0.042752481343806714 0.07583977078342785 24.96
0.042752481343806714 0.078196908957341 24.96
0.04379014804840653 0.07962063907824268 24.96
0.046752407930726325 0.07883315879682007 24.96
0.04496437949561738 0.07162451635820721 24.98
0.04496437949561738 0.07242690590413625 24.98
0.04456100555926146 0.07798698311934682 24.97
0.04456100555926146 0.0841571624060774 24.96
0.04582399644996937 0.07635039377397645 24.94
0.048165211020945176 0.07797514006763806 24.98
0.04480761672801914 0.07826953649476354 24.95
0.04480761672801914 0.07552687580212192 24.97
0.041730732730469566 0.07610533948255382 24.94
0.041730732730469566 0.07545545465345271 24.94
0.04375495334378854 0.07041376142000277 24.96
0.04245019552629059 0.06575987638588965 24.97
0.04476132954913925 0.06865237252512801 24.95
0.04476132954913925 0.06765975330293261 24.95
0.04272819601421873 0.07048200823089457 24.94
0.04272819601421873 0.06780868283500963 24.95
0.04353353021598083 0.07123061964530064 24.97
0.04353353021598083 0.06665755183772415 24.98
0.045274670557130414 0.0665797453093322 24.95
0.045274670557130414 0.06599074098995883 24.95
0.04386212280948998 0.06707820488833716 24.97
0.04386212280948998 0.0634473406869257 24.98
0.04425040551474624 0.0698576346492672 24.96
0.04425040551474624 0.07003619915735992 24.98
0.043577278509618234 0.06852504966052275 24.96
0.043577278509618234 0.0640335164215895 24.95
0.045093757284803915 0.07402065079001019 24.95
0.045093757284803915 0.06711117358044094 24.95
0.041505283672003346 0.07438794224259937 24.94
0.041505283672003346 0.07005315446182425 24.97
0.038910420255314326 0.06397954785672955 24.93
0.038910420255314326 0.060248549446420996 24.96
0.04091131809895987 0.058280624079810384 24.93
0.04091131809895965 0.05753457251071892 24.96
0.03833430317796993 0.0661942488753009 24.93
0.03833430317796993 0.06470448147583918 24.95
0.04139902972074738 0.06633964757330968 24.92
0.04139902972074738 0.06005074028787305 24.96
0.04138439599256727 0.06305508351295741 24.96
0.04138439599256727 0.05993079722493788 24.97
0.04014490999084086 0.06572286412502071 24.95
0.04014490999084086 0.06341642548029969 24.97
0.038863575457660615 0.0625169595529208 24.98
0.038863575457660615 0.06008005797883309 24.97
0.03902577538154128 0.0645287382757096 24.95
0.03902577538154128 0.06374729624287823 24.96
0.03903222682779006 0.06314606890311736 24.95
0.03903222682779006 0.05979895921356648 24.94
0.04096161456008174 0.06320861598258232 24.93
0.04096161456008174 0.06398850576784643 24.97
0.03461159073493503 0.06246932350511092 24.97
0.03461159073493503 0.054568447533359765 24.98
0.034925784284274175 0.07074344689733758 24.92
0.034925784284274175 0.05315769902367251 24.97
0.035454863928349845 0.06893823222315387 24.96
0.035454863928349845 0.05674034690380214 24.98
0.036193131121043054 0.06896302701181822 24.95
0.036193131121043054 0.0567463901363755 24.95
0.03330725110465482 0.0638643324551541 24.97
0.03330725110465482 0.051039497240923826 24.98
0.03419136385591204 0.06724305635048777 24.96
0.03419136385591204 0.052799265323829836 24.98
0.035339324042897746 0.06661276626839863 24.94
0.035339324042897746 0.05593283211404343 24.97
0.034676275994361516 0.06606303838004124 24.96
0.034676275994361516 0.05014812768308008 24.99
0.03466916562856226 0.06575629977196629 24.94
0.03466916562856226 0.0581721857318489 24.95
0.03587168538034602 0.06788575573683597 24.95
0.03587168538034602 0.05238329614023585 24.98
0.03699382105874671 0.07336457101088945 24.93
0.03699382105874671 0.05901224498440849 24.96
0.03840950289009204 0.07006456163551822 24.96
0.03840950289009204 0.058399550704386516 24.98
0.03819757514435129 0.07030020921526525 24.92
0.03819757514435129 0.05934342205003873 24.96
0.03571126298347438 0.06955447395718384 24.94
0.03571126298347438 0.05756981289268703 24.98
0.03665356120397045 0.06550115249974942 24.92
0.03665356120397045 0.0598033194296832 24.96
0.035839627684877695 0.05972257441578388 24.98
0.035839627684877695 0.058830200432123725 24.99
0.0357560171593585 0.06260824223695038 24.96
0.0357560171593585 0.060767372042023315 24.97
0.03587716367141747 0.05737679035440579 24.98
0.03587716367141747 0.056901686585079436 24.98
0.03673298401121827 0.05829872900428901 24.97
0.03673298401121827 0.05825584619451041 24.96
0.03672376548870049 0.05832158490524986 24.98
0.03672376548870049 0.05810416405226204 24.97
0.036417790116425874 0.05453099737689859 24.97
0.036417790116425874 0.05414478742515583 24.97
0.036358316832675985 0.05481378449139629 24.98
0.036358316832675985 0.05590301775011841 24.97
0.03518761990542518 0.05328994584238356 24.96
0.03518761990542518 0.05174391061623462 24.97
0.03760921614423285 0.05449622734875281 24.96
0.03760921614423285 0.05736442833150335 24.97
0.03528603166326949 0.0526458162120913 24.98
0.03528603166326949 0.04999895939075405 24.98
0.03590765042776811 0.052768866682405324 24.98
0.03590765042776811 0.053589495742137117 24.99
0.03542671235115169 0.051368022879744735 24.96
0.03542671235115169 0.051281303525767985 24.97
0.035466949332542574 0.052035072061378584 24.98
0.035466949332542574 0.05299202216226906 24.98
0.03672284253756164 0.053703760323370875 24.96
0.03672284253756164 0.05577158241986713 24.96
0.036431880804264405 0.05325897174821592 24.98
0.036431880804264405 0.05414274179012424 24.99
0.034855492908265284 0.06229203101246705 24.97
0.034855492908265284 0.06073941679107875 24.98
0.03679560693570105 0.056013148184641426 24.96
0.03679560693570105 0.061008187654162604 24.93
0.03532622964499832 0.05424543141589633 24.96
0.03532622964499832 0.055064891182102005 24.95
0.034994432475205506 0.06162587972819755 24.97
0.034994432475205506 0.05966212359805312 24.96
0.03605941472885266 0.06024723870228954 24.94
0.03605941472885266 0.062399977195677137 24.92
0.035874707209359924 0.05548579474810067 24.98
0.035874707209359924 0.053546312970708 24.96
0.03527579745433318 0.055810931615035475 24.99
0.03527579745433318 0.05541264405331603 24.99
0.03517966506583048 0.0558641678763121 24.94
0.03517966506583048 0.05610755594469563 24.96
0.03678238991195071 0.05543178189008924 24.98
0.03678238991195071 0.060442232850993594 24.97
0.03414042025746422 0.05569108812555723 24.98
0.03414042025746422 0.057651687259136275 24.97
0.03762393552397525 0.0554689742627168 24.95
0.03762393552397525 0.057878352867249405 24.96
0.035346220499507086 0.0551513473655737 24.96
0.035346220499507086 0.057587960895073675 24.94
0.037420752286309145 0.06001818741152842 24.95
0.037420752286309145 0.0599838230373293 24.96
0.03538513240133301 0.057341835867931956 24.98
0.03538513240133301 0.05583410922940135 24.97
0.032387659497275845 0.056988584018113464 24.96
0.032387659497275845 0.05605176829806868 24.98
0.03503503102668237 0.05500770665396071 24.97
0.03503503102668237 0.05710796845579791 24.96
0.03373983062858554 0.05600323613339453 24.97
0.033739830628585654 0.061129865494600644 24.97
0.033321939978261716 0.059468805656501034 24.96
0.033321939978261716 0.0584033736724634 24.96
0.035982230672714666 0.06050481642057792 24.97
0.035982230672714666 0.05977420469344852 24.96
0.0332592592202825 0.0563022009385854 24.98
0.0332592592202825 0.05516307992802272 24.98
0.03288064014777081 0.05881338472285236 24.96
0.03329868997704 0.05779559762342912 24.96
0.03291751199665871 0.06108126270650294 24.95
0.03206455959692012 0.05938212063264858 24.98
0.03426067926946286 0.06297592187942924 24.95
0.03369153055147611 0.062276950885322035 24.97
0.03260522744559835 0.06717990585056066 24.94
0.03355516162788408 0.057401907944679476 24.97
0.03270543466734366 0.06403015953299407 24.93
0.034611931531429385 0.06311251108672633 24.95
0.03417559930346881 0.06383499331749387 24.91
0.032091760564773364 0.05791681491617606 24.98
0.0325411328599956 0.06358556116160452 24.97
0.032217943874562005 0.06184404838853408 24.92
0.032196608848239716 0.06348984888620735 24.98
0.03332146861909524 0.06374635395570882 24.95
0.0330127204809636 0.06226967428026786 24.98
0.03322269270084921 0.06145930425326407 24.98
0.03357812496582813 0.06597653841203677 24.94
0.033598709883448485 0.05973800969047249 24.97
0.03230999708258375 0.06279123245546825 24.98
0.033758908897910334 0.056221246417730075 24.94
0.0346990041205012 0.057090608508712726 24.93
0.03310592408547719 0.05993112768021591 24.96
0.03178621185225117 0.06162708344864498 24.92
0.030761148473195332 0.05696697962203645 24.97
0.033210720980191955 0.06009427710783366 24.98
0.03316559424384724 0.058135359494390415 24.97
0.032172688825920503 0.06012156712444716 24.93
0.031814703426855884 0.05921638661814499 24.95
0.0327380717593968 0.06315520146342846 24.95
0.031859325998691235 0.05828183787434826 24.96
0.032436630662150634 0.06375402341949243 24.98
0.03142067975748564 0.06242738543547488 24.97
0.031400088631505674 0.06401703989676821 24.96
0.032212068444462894 0.05748172284776709 24.96
0.031040786088769368 0.06257100980913588 24.94
0.03225361622107381 0.056998660064414786 24.97
0.03128572368358307 0.060041139932712095 24.95
0.03262239717269866 0.05657012723547783 25.0
