0.050094888392794856 0.08694201172076688 24.93
0.05540111637646472 0.08262546594761377 24.91
0.054326337391656376 0.0810724810059924 24.95
0.049300689393226516 0.08292593227426936 24.92
0.04939564053621881 0.07934258082606471 24.94
0.05405359663235221 0.08750410808912878 24.96
0.050490339125789485 0.09000191265031465 24.97
0.05421278540993546 0.08035575678235662 24.98
0.04893247084066443 0.08371570728798172 24.89
0.052155157278827136 0.0827268006061892 24.96
0.05280513995019209 0.08178666713062266 24.95
0.051718147939088466 0.08129422238320572 24.92
0.05114596537419713 0.08411785145866646 24.96
0.050597629532657784 0.08341279297815374 24.97
0.05398216270138789 0.08884254986290852 24.95
0.04918592081234219 0.08598221817080764 24.94
0.049732004460993795 0.08151166503507767 24.95
0.049732004460993795 0.07983564969550205 24.97
0.050875286747205206 0.0883141845237172 24.93
0.052591793360126204 0.07770556530729 24.96
0.0409160658952169 0.06513543146588485 24.94
0.0409160658952169 0.06485257429923463 24.94
0.04211010564507889 0.06391799316720836 24.96
0.04211010564507889 0.06414319878491326 24.95
0.04170736232142713 0.06993188771567405 24.93
0.04170736232142713 0.06654591339934723 24.92
0.04054948406344916 0.0724255592290568 24.96
0.04054948406344916 0.0667910766690768 24.95
0.04184784128611252 0.07369264967703104 24.92
0.04184784128611252 0.06744673099507281 24.94
0.040356298499829135 0.06524993088629683 24.96
0.040356298499829135 0.06704499522798979 24.95
0.04206504831217561 0.06746244355418962 24.93
0.04206504831217561 0.06689252000448542 24.94
0.04115200666497931 0.07057261512998703 24.93
0.04115200666497909 0.06525643177848806 24.96
0.041202662167787785 0.06822035926651127 24.97
0.041202662167787785 0.07027366389726031 24.97
0.04140608024639558 0.06634969388883294 24.94
0.04140608024639558 0.06725136075775706 24.94
0.04052075299569924 0.0609627460261174 24.95
0.04052075299569924 0.06200822607214529 24.97
0.03849389932547975 0.05993574811103941 24.97
0.03849389932547975 0.06032905594161653 24.97
0.04153477718607457 0.06560462456570226 24.96
0.04153477718607457 0.06270512011229112 24.98
0.04094405371855969 0.06803351365241372 24.93
0.04094405371855969 0.06507901830697504 24.95
0.03948681306545365 0.08048878106995305 24.96
0.03948681306545365 0.06090956463744457 24.97
0.04241463616420804 0.09398634862415922 24.89
0.04241463616420804 0.06072355399739304 24.95
0.03882983947572638 0.08706217691603868 24.93
0.03882983947572638 0.061812903515595985 24.96
0.04156245691578231 0.08512866105446493 24.93
0.04156245691578231 0.060223462333996114 24.97
0.040232154283624144 0.08515524219118376 24.88
0.040232154283624144 0.06431197224883067 24.99
0.0416633677996715 0.08602795764823701 24.94
0.0416633677996715 0.06173794516420239 24.94
0.035260425725340716 0.0652800711860354 24.96
0.03526042572534083 0.05149594185391859 24.96
0.03691814010556416 0.06541132847130582 24.9
0.03691814010556416 0.04903078042980358 24.98
0.03753521675394145 0.06609582747716947 24.93
0.03753521675394145 0.05275363576003289 24.97
0.03590532469115493 0.06747036252696514 24.93
0.03590532469115493 0.050442115578418156 24.97
0.03496150840815959 0.06752693165713464 24.92
0.03496150840815959 0.05177919704845413 24.98
0.035742587156511796 0.0531226022578527 24.98
0.035742587156511796 0.0508574404237947 24.99
0.03631760717038324 0.05218722766328521 24.96
0.03631760717038324 0.050134920728320376 24.96
0.03771530648431365 0.05230497175958704 24.97
0.03771530648431365 0.05337763534825257 24.98
0.03828892798808692 0.057155178062481715 24.95
0.03828892798808692 0.058548876598393584 24.96
0.036745513221299486 0.052755939215851866 24.98
0.0367455132212996 0.049534279895812605 24.98
0.03510086900677889 0.05102663975346533 24.97
0.03510086900677889 0.05230414017145957 24.96
0.03336593534803611 0.048295525749972534 24.96
0.03336593534803611 0.05109238713766062 24.97
0.03479105881535949 0.053790301565418974 24.95
0.03479105881535949 0.05162960730369914 24.96
0.032956701576466796 0.04866035732634966 24.95
0.032956701576466796 0.04771402668310709 24.96
0.03344292870516763 0.05140694063063067 24.95
0.03344292870516763 0.05045761816058647 24.96
0.03315149017701724 0.04760766688145823 24.97
0.03315149017701724 0.049874940329500794 24.93
0.034483630276068156 0.05583014030563627 24.95
0.034483630276068156 0.055072381180408025 24.95
0.03424936668636791 0.0520289581303206 24.93
0.0342493666863678 0.05159130403854817 24.94
0.03369306882791856 0.05020883154932687 24.94
0.03369306882791856 0.05069945554296662 24.94
0.034828404435123694 0.04779373518801444 24.95
0.034828404435123694 0.0502599311739681 24.98
0.03280424369590795 0.050201266319294335 24.98
0.03280424369590795 0.049470317424158194 24.97
0.03257575954105518 0.05039033228162071 24.96
0.03257575954105518 0.04798962396722817 24.96
0.03357673357738444 0.04920280326354165 24.97
0.03357673357738444 0.0491074203329559 24.97
0.03537184683132122 0.05190803875111616 24.97
0.03537184683132122 0.05040118601268151 24.96
0.032316000563927694 0.04999471496934871 24.98
0.032316000563927694 0.053253293620932673 24.96
0.032909109588924124 0.050579796296459145 24.97
0.032909109588924124 0.054987863617187105 24.98
0.03159245087535434 0.04956413744400845 24.98
0.03159245087535434 0.050647578050505015 24.96
0.03237215453553832 0.05181075825519044 24.94
0.03237215453553832 0.05387853365018824 24.95
0.03191172116250196 0.04899702233779735 24.98
0.03191172116250196 0.05049295000496423 24.99
0.0362435858208775 0.05081892956215983 24.97
0.0362435858208775 0.05215672537925142 24.96
0.033114843346009004 0.050064943793867056 24.98
0.033114843346009004 0.05085398578210287 24.98
0.03266118226675507 0.055700075556734396 24.96
0.03266118226675507 0.05267296998928861 24.97
0.03181508108636821 0.04933610060443283 24.98
0.03181508108636821 0.05227138628958139 24.97
0.03156357754480965 0.0519641184431342 24.98
0.03156357754480965 0.05253023674241508 24.97
0.03321471580294488 0.05407753157244133 24.93
0.033214715802944994 0.05321888921842155 24.94
0.03356949206644688 0.05358599784113138 24.95
0.03356949206644688 0.05349896478653737 24.95
0.03244112755460993 0.05238385227794207 24.96
0.03244112755460993 0.05339851475252855 24.96
0.03102392470024906 0.051338389884629576 24.97
0.03102392470024906 0.05200891401085084 24.97
0.032838898574306774 0.04813832124828776 24.96
0.032838898574306774 0.049924822426413495 24.97
0.03467558333793119 0.04881248207796107 24.98
0.03467558333793119 0.0498804974739635 24.97
0.0329337545627264 0.054899576752693524 24.92
0.03247883140003194 0.05472018318295535 24.94
0.03330346541723017 0.051175975342693025 24.97
0.03348340021837937 0.053883842325944564 24.98
0.034135646616832105 0.0524111715461868 24.97
0.032784090601413185 0.049731178839021895 24.97
0.0338282051821982 0.05452931049428544 24.97
0.0334297761431499 0.054505608884342416 24.97
0.03242796214589716 0.047401541006408365 24.94
0.03319769387949023 0.051790624654056816 24.93
0.03242390353865887 0.05632331309271876 24.95
0.032854231565587755 0.049633346652873334 24.97
0.03438576942872462 0.059229398279383116 24.97
0.03316668977340653 0.05516216415106956 24.94
0.03371180758553993 0.054815007668208016 24.92
0.033040050096885376 0.05281872027644452 24.96
0.032530063987295854 0.05490771595647115 24.95
0.03359002999823124 0.0521756182263069 24.95
0.03245861182441867 0.053254052171741395 24.96
0.032995474872908104 0.05428377934619699 24.97
0.0373504478789789 0.05114870718140385 24.96
0.04184751233275674 0.050460592963331385 24.96
0.04101781780962255 0.056032313687192636 24.97
0.03951716050160059 0.053144300178667 24.98
0.03698677959664076 0.05426617548145207 24.97
0.03795361113944895 0.047543399619238924 24.96
0.036741064964963766 0.05665554839402309 24.94
0.03644754277885698 0.04956834649657371 24.97
0.03985146802025652 0.05236823057146078 24.97
0.03926877496511083 0.05165626946305546 24.98
0.0400455643453026 0.050845843147357184 24.98
0.037689415517229596 0.05190412120868204 24.97
0.03829640791892375 0.054915589900064066 24.96
0.03972862328332316 0.0510022316983898 24.95
0.03797868487113887 0.05288856615269122 24.95
0.03867189156665063 0.05108917096085497 24.96
0.03844446714050931 0.052879205523742145 24.97
0.03649037170665892 0.049921543796183854 24.98
0.037056434614271994 0.053920325827882754 24.97
0.036349706459547826 0.04826035442000487 24.96
0.030951277822299783 0.053519232139353945 24.96
0.03050473387741659 0.052141661628416824 24.95
0.031047128634980492 0.04933658631492521 24.97
0.030674071768322042 0.04974726414705044 24.97
0.030836680393500848 0.05457801288349129 24.98
0.031459722078230334 0.04707298747005084 24.98
0.029881728481196634 0.051242496231241 24.96
0.03144177812468518 0.05210216755416308 24.98
0.030899403801230796 0.052314392578541535 24.97
0.030156321366669903 0.047805476063523034 24.96
0.030763690367984653 0.04895466896491285 24.98
0.029385988727304135 0.04910063990593716 24.99
0.0321263434953194 0.05393906373736057 24.96
0.031154771642721735 0.04906769285821544 24.98
0.030417971326980542 0.05194324019273777 24.98
0.03143117236444626 0.04951900035920387 24.96
0.029984631184385102 0.052726087312282566 24.96
0.03118209594612409 0.049603222562139115 24.97
0.031137866007539095 0.05035549703436293 24.97
0.03175539353350265 0.0498909875806538 24.96
