0.12220433610549142 0.1413365721731492 24.82
0.12129052625914372 0.15268209154751888 24.64
0.11297354052608255 0.1690529584423165 24.86
0.11432256665748464 0.13888920119692738 24.8
0.11879988153272192 0.10082994473915474 24.84
0.14614609171949344 0.20921093109925437 24.63
0.10297516208292579 0.12708191661868318 24.76
0.10158440665961321 0.1166764653236928 24.76
0.10026402120344424 0.10202018867485518 24.92
0.08045999409565485 0.11272681076775126 24.92
0.04724001512528497 0.08519197911150744 24.93
0.0495595380372259 0.08886771332685472 24.95
0.046602064725858594 0.0830845725913879 24.91
0.048953954477832684 0.08703476922394249 24.97
0.04710815057924622 0.08508001645706864 24.94
0.04710815057924622 0.08353628845443961 24.96
0.04740703362771459 0.08625937701210151 24.96
0.047142825662172316 0.08295442881705606 24.96
0.047297200869735545 0.08442222931633314 24.92
0.046503394269315046 0.08565922600534048 24.97
0.04970479497381031 0.08790184343237317 24.97
0.04970479497381031 0.08977638882900496 24.97
0.05036462839900868 0.08207453473630655 24.94
0.04786293523600338 0.0847206599739474 24.96
0.04760824548094844 0.09129597417498958 24.95
0.04652365001698866 0.08454016691010968 24.96
0.04927672856190124 0.08597977864703599 24.94
0.04647297451862409 0.08410648421466016 24.93
0.04730469481368782 0.08919139317220981 24.96
0.04780212656856786 0.08777447493183221 24.94
0.04372887281971327 0.08235100948966634 24.95
0.05459770192240687 0.08133944685026295 24.94
0.04229301506580119 0.07980777616088341 24.93
0.05430847807810979 0.08209913337069541 24.91
0.042975825672909584 0.09103822592131028 24.96
0.042975825672909584 0.0905197538200615 24.97
0.0443842939116359 0.07956054328149453 24.95
0.0443842939116359 0.08487402472838357 24.97
0.043611577037564575 0.08008135843913022 24.95
0.043611577037564575 0.08645142699152497 24.92
0.053940073338553995 0.08144578578171635 24.96
0.04531951100717935 0.08127963381734293 24.98
0.04238652693447964 0.08282064272106238 24.93
0.04238652693447964 0.08432507586901605 24.98
0.044673152179173226 0.08212805667652445 24.95
0.044673152179173226 0.08901346626317563 24.94
0.04349462181129349 0.08292493679016455 24.96
0.04349462181129371 0.08286608749656099 24.96
0.04320121371311547 0.08409256641623442 24.94
0.04320121371311547 0.08201679605972922 24.94
0.04668423330538174 0.0759801687568421 24.91
0.05902941836968456 0.08440148420823224 24.85
0.04418226965270178 0.07622036034989021 24.95
0.04418226965270167 0.07549709894042567 24.95
0.043801026741803195 0.07674554832888159 24.96
0.043801026741803195 0.07994684159692678 24.94
0.04259534836806711 0.07771582588764614 24.97
0.04259534836806711 0.07734645390737316 24.97
0.04447024190028048 0.08055241980304018 24.97
0.04447024190028048 0.07937686806719346 24.99
0.044768684858364716 0.08294959237153066 24.93
0.044768684858364716 0.08207793346968084 24.92
0.043025499746052964 0.0742056070091085 24.95
0.04302549974605285 0.07435781838591038 24.95
0.044959329280769844 0.0792429255393976 24.93
0.044959329280769844 0.07873535524118325 24.96
0.04464484603384522 0.07618227112358122 24.95
0.04464484603384522 0.07993275325899918 24.97
0.04387013635739112 0.07624791809779441 24.92
0.04387013635739112 0.07612546974381429 24.96
0.04880393880819245 0.06333446753208138 24.95
0.04880393880819245 0.06648145409188844 24.98
0.049522525631703895 0.06690171592512262 24.93
0.049522525631703895 0.06648610596174098 24.96
0.049987046022951453 0.06602896049658513 24.98
0.049987046022951453 0.06650480099330947 24.96
0.04818335249434691 0.061996912883459654 24.97
0.04818335249434691 0.06458294946878385 24.95
0.04716060737881589 0.0634635147661412 24.94
0.04716060737881589 0.064072526887051 24.96
0.04914020519174034 0.06555151307322449 24.96
0.04914020519174034 0.0665931900423411 24.99
0.048013226261695685 0.06655292783102029 24.95
0.048013226261695685 0.0664747043628473 24.97
0.048214410373772276 0.06757830186425917 24.96
0.048214410373772276 0.06553877676905329 24.94
0.04934139461721321 0.06828787898467059 24.94
0.04934139461721321 0.06562465392785233 24.98
0.04859096353990755 0.068798227065337 24.94
0.04859096353990755 0.06791608190657172 24.94
0.039254077201042015 0.06302192556393749 24.94
0.039254077201042015 0.06129648986980751 24.97
0.04044776698656927 0.05908059275856359 24.97
0.04044776698656927 0.06105198768175635 24.96
0.0398805615904263 0.05845855878833095 24.95
0.0398805615904263 0.058957158798624065 24.96
0.03734897208568344 0.06022898958515288 24.97
0.03734897208568344 0.05944312081018466 24.99
0.039328535843824675 0.06284485403263285 24.96
0.039328535843824675 0.05883915879663648 24.97
0.037761889854893926 0.06132596975103222 24.97
0.03776188985489426 0.06087599513847708 24.97
0.03957766553269382 0.06093277033710309 24.97
0.03957766553269382 0.06073525214850006 24.97
0.04044991648807039 0.060269107508196695 24.96
0.04044991648807039 0.058566811247646955 24.96
0.03857817084909565 0.058817912442227116 24.97
0.03857817084909565 0.058072895484855724 24.96
0.03757533081743203 0.061029609637639926 24.96
0.03757533081743203 0.06301413384381471 24.96
0.030916371865795322 0.05921380026861611 24.98
0.032609689555387456 0.06229676882573443 24.95
0.0352513746314016 0.06867203287973533 24.96
0.03251158178706892 0.05909587289068885 24.96
0.03754519883678642 0.0655782863120895 24.93
0.03311187130563664 0.055154233530386954 24.98
0.03367401187077901 0.06370215834524007 24.97
0.03460916373975609 0.0537604839457938 24.96
0.03243367356611904 0.0564663266504023 24.95
0.037082115500560064 0.06437422461608211 24.95
0.03284385930836076 0.059289182383329364 24.95
0.03173599846492181 0.059390447772384336 24.97
0.0320780138699337 0.05804391551894672 24.95
0.03471761024257791 0.06609322759867353 24.96
0.03415790291257936 0.057152324412479305 24.94
0.03322763749155355 0.05954927438712476 24.95
0.0359511053366518 0.0621766450733372 24.99
0.031100611163872527 0.05572908351634487 24.97
0.033798041905087395 0.05773363905553319 24.95
0.03302516094777619 0.060057765944808494 24.98
0.04066746680268907 0.05760338522186648 25.0
0.04870116472006192 0.06731758465838023 24.95
0.04101004615535897 0.05846315994922546 24.96
0.04253311464524945 0.05867560716205633 24.98
0.047612734231170295 0.06709530594233004 24.94
0.04015654503792587 0.06333895353480556 24.97
0.045282432444315734 0.07088161181245123 24.87
0.04042581070875739 0.058359732993912505 24.96
0.04323492080990765 0.06444829441898647 24.93
0.04004394270153011 0.06243739294196604 24.94
0.04038350765287835 0.06405440618530933 24.98
0.04350543947749097 0.0556984869880367 24.98
0.03873538553131295 0.05601813417080759 24.95
0.03951569434236224 0.06111400330089878 24.95
0.04074269145876186 0.06374957074809584 24.96
0.03944261080806288 0.06026971293058114 24.98
0.042532072385689235 0.05930670070480115 24.96
0.04018407846173799 0.0603413383159479 24.94
0.039773866687437764 0.05349949972515544 24.97
0.0404888433108056 0.05661272620267832 24.96
0.03233110966707864 0.04812646145499999 25.0
0.03218111698167514 0.05675670440782776 24.96
0.03254010315636091 0.05309281182127723 24.99
0.03174832449201059 0.05020500099766112 25.0
0.03278284737036641 0.04415494834317135 24.96
0.03164038695968463 0.04693897367439248 24.96
0.03296004466636249 0.055583020015051554 24.95
0.03448241231950333 0.048358962080279455 24.96
0.03068749226392764 0.047567043873368076 24.99
0.032749504597818335 0.052068938400600784 24.96
0.033393925512822276 0.04628347858909021 24.96
0.03319562076963212 0.0468798488866099 24.97
0.03198569177104271 0.0529550937513491 24.96
0.030384401817616258 0.052695835533612456 24.97
0.03242159768280184 0.05138056039458749 24.96
0.031148865330560827 0.05082042017165056 24.95
0.03123729928499619 0.04958550695148167 24.98
0.03228297109859679 0.05107797755331189 24.93
0.0312848313135925 0.04885514101696753 24.99
0.0311978027496852 0.04986757084660032 24.96
0.03700500910989801 0.05148187964308504 24.93
0.03647750514472048 0.049149613092820066 24.99
0.03540044580235602 0.04392069361576845 24.97
0.03601996277860775 0.05037872377554431 24.97
0.036469441422510185 0.052183508197655604 24.95
0.03481861539800701 0.05089537232902175 24.93
0.03695286272044651 0.0490230658964268 24.97
0.03657526170670111 0.04769471276905424 24.96
0.036762761989083015 0.05008019915623818 24.92
0.037008851290496914 0.04598503981790858 24.98
0.03532716898828381 0.05061821732080585 24.94
0.037093875523714126 0.04619127495973896 24.99
0.036265028507341035 0.05124544294846911 24.93
0.03616140642993604 0.050842549015340355 24.98
0.0365668399244663 0.04875781271438728 24.93
0.03561234230212751 0.05073819848920946 24.98
0.03478521209726759 0.05444851240218862 24.95
0.03612947490908669 0.048248689331066186 24.96
0.035701865588738335 0.048952768632952615 24.98
0.039052445648871226 0.04776670181050913 24.95
0.03123559946867216 0.05015746310164748 24.89
0.031939346289351134 0.04106077022634125 24.95
0.03147990914702281 0.0436747491045989 24.91
0.03123976621906477 0.046036663240210385 24.91
0.030455718936216014 0.044390051058281754 24.93
0.03367437757180336 0.04400299026497734 24.91
0.03070270333678382 0.05083756162134412 24.93
0.031197327430142585 0.040754154966316625 24.93
0.031097657246581978 0.05206768969521747 24.93
0.030560086975862655 0.04832905562779699 24.91
0.030935809175736795 0.03965557304429057 24.92
0.032934304532666214 0.045319767189361926 24.9
0.030508755122574005 0.04544479467138274 24.92
0.030999775881373925 0.04849889652613526 24.94
0.032189075535361655 0.04839658938051439 24.92
0.03256366146212197 0.049853785374299076 24.96
0.03336742436796858 0.050574010484247256 24.91
0.03283259228942914 0.04113169551305107 24.95
0.030952550816604085 0.044616825939849614 24.93
0.031640825302915565 0.04713134604736735 24.88
