0.05578888788819081 0.08667247809692524 24.96
0.044274443389737406 0.08271435555733253 24.97
0.04504201891327986 0.08027304430624682 24.95
0.054769762091891994 0.08590246787868949 24.94
0.054008319321489195 0.08994093855083551 24.92
0.054061229448062464 0.0805089299342463 24.96
0.05493722056459105 0.08365472202981838 24.98
0.05678616404133574 0.0817159180946756 24.95
0.0448532441908458 0.08447714122448946 24.96
0.05364939467959873 0.08176855478078182 24.97
0.03729986325471202 0.07130802834096983 24.94
0.03857185858286438 0.06549716281707918 24.97
0.037559748873653875 0.06901633994404988 24.99
0.03704633946049829 0.07089663413969038 24.95
0.037668432358249904 0.06670884253260456 24.95
0.05096126949683988 0.0727252043121166 24.94
0.036071485049442464 0.06519683083600114 24.97
0.037774823091543674 0.06937353085949227 24.96
0.03627213186911815 0.06812659923764885 24.98
0.03653514575029104 0.0656103845338839 24.98
0.04397317689348024 0.0716012894388095 24.9
0.04553077901271152 0.06909799606970823 24.92
0.043732433027385276 0.07126812716478237 24.9
0.041376253752766545 0.07204136160135921 24.95
0.039397982215515825 0.06476862600736022 24.97
0.03961137168436335 0.06768022287100894 24.95
0.045681441588529714 0.06865416858614504 24.89
0.03888877529253576 0.06385863137371073 24.95
0.04022400276999771 0.06843469114720369 24.96
0.04505083405683907 0.06572916016329189 24.88
0.04146174709991879 0.06626836292222993 24.98
0.036937179295723155 0.061688134463604216 24.99
0.03519079096526778 0.06572299068275844 24.97
0.04178717961628775 0.06857318016533454 24.96
0.0353695055208868 0.06600647097972756 24.95
0.03634541739224151 0.06483997942896014 24.97
0.049859224234950816 0.06673696708206867 24.98
0.040197003608149706 0.06482814853091279 24.95
0.03643342768017377 0.060674362388875136 24.96
0.05102074078920116 0.0721601078092482 24.98
0.042875758419383736 0.06339765263708219 24.97
0.04298586873800048 0.06441673768860912 24.97
0.04246730044583846 0.06616331530581876 24.94
0.048233417467555606 0.06717778413255704 24.9
0.04226845480594532 0.06650504259876755 24.97
0.0445305161735291 0.06067946397972801 24.97
0.044497980411403515 0.06716462433564385 24.95
0.042805502601165 0.060694004377805255 24.96
0.04404319340170659 0.0656841406280797 24.98
0.042762993377945424 0.06378195142767151 24.97
0.040772169124611346 0.06475978528031456 24.94
0.04417718297808648 0.07679409410079518 24.96
0.04399959962830058 0.06332583746160081 24.96
0.04444200983292035 0.07468997588219506 24.94
0.04339268302542365 0.06258237485053642 24.94
0.04005209239312724 0.06275215479054808 24.96
0.0407400906275478 0.06453872078031397 24.97
0.0375502695645058 0.059355952095911935 24.98
0.037643777251142874 0.06115925219500451 24.95
0.03976744337320315 0.06228320918695318 24.98
0.037181513018780254 0.0645779605378658 24.97
0.041435813040002545 0.06505298635281165 24.96
0.039115521547191445 0.06179581919160415 24.94
0.03758122063268232 0.061924994988017845 24.95
0.03825548977561921 0.06329540379567833 24.98
0.03563101138041991 0.060488365204752315 24.97
0.03887704147808402 0.06057094747534175 24.96
0.0398329962458327 0.06737114240781428 24.95
0.04035648379374668 0.06434883147700898 24.97
0.0369613507644847 0.06082792073064747 24.97
0.032722115302929344 0.055769026350007356 24.98
0.032895887478561536 0.06083239951376995 24.98
0.034780988278656055 0.059549049397643716 24.97
0.03380661332235191 0.05626728757104105 24.99
0.03327250252967984 0.053984737843425834 24.99
0.03541867545768074 0.053621037999536325 24.98
0.03270074369416209 0.055904700664296314 24.97
0.05627068512780253 0.06851918569803728 24.94
0.056304083380329106 0.06710749755577594 24.9
0.03364093367626708 0.05678776517094175 24.99
0.03383166883901911 0.05503850531806409 24.96
0.0341140464672427 0.058603244963472356 24.94
0.03275041551707758 0.052172757179219764 24.97
0.034430092266862444 0.05921084277402511 24.95
0.03514220737874252 0.05353586232578844 24.95
0.03335078922998913 0.05647097446829985 24.96
0.03664655028847197 0.05347281006689497 24.98
0.03276944222230993 0.05400992308860575 24.96
0.03276429565216821 0.0538882283494303 24.95
0.03374142573744232 0.061278979804654465 24.96
0.03579234846631285 0.06023355025919852 24.97
0.03733462906677165 0.05314497205624169 24.96
0.03534045550874976 0.05909319772303245 24.92
0.03638723499474028 0.05775003936554257 24.97
0.035593117234365645 0.052443311271152426 24.94
0.036761424120682396 0.058025149878295545 24.97
0.03614571369105957 0.05404192011852016 24.98
0.037529336046581485 0.0516358588636483 24.97
0.03589793901786531 0.05589168360386598 24.94
0.03593601990415518 0.05158902402901033 24.95
