4.050065817611603336e-02 6.066250319205579444e-02 0.000000000000000000e+00
4.986479566989421297e-02 6.206719908158819798e-02 0.000000000000000000e+00
5.959320118491961971e-02 6.117765422960508293e-02 0.000000000000000000e+00
4.176802008082203255e-02 6.541093661317931574e-02 0.000000000000000000e+00
4.134399252464182606e-02 6.669257979320664109e-02 0.000000000000000000e+00
4.265220704213901204e-02 6.214645373878391332e-02 0.000000000000000000e+00
4.208148470439065925e-02 6.229818260691621923e-02 0.000000000000000000e+00
4.243685961027965359e-02 6.358284997955032658e-02 0.000000000000000000e+00
4.921286631306232007e-02 6.340411895312902946e-02 0.000000000000000000e+00
4.237509781355819349e-02 6.984537342207952637e-02 0.000000000000000000e+00
4.279338860645154341e-02 6.633340701480183732e-02 0.000000000000000000e+00
4.831223620327962376e-02 6.507430315850160074e-02 0.000000000000000000e+00
4.050065817611603336e-02 6.066250319205579444e-02 0.000000000000000000e+00
4.134399252464182606e-02 6.669257979320664109e-02 0.000000000000000000e+00
4.389332441639237636e-02 6.818019194317825882e-02 0.000000000000000000e+00
4.516675612631204650e-02 7.155396758895071763e-02 0.000000000000000000e+00
4.265220704213901204e-02 6.214645373878391332e-02 0.000000000000000000e+00
4.968934379595313366e-02 6.555681714527872295e-02 0.000000000000000000e+00
4.921286631306232007e-02 6.340411895312902946e-02 0.000000000000000000e+00
4.986479566989421297e-02 6.206719908158819798e-02 0.000000000000000000e+00
3.692867581286995993e-02 5.633552932744123609e-02 0.000000000000000000e+00
3.934923054542205367e-02 5.264258288208267800e-02 0.000000000000000000e+00
3.239073506766398935e-02 6.025717257917606595e-02 0.000000000000000000e+00
3.458901287902949040e-02 5.857698470615935182e-02 0.000000000000000000e+00
3.964547018529263056e-02 4.894695149226424569e-02 0.000000000000000000e+00
3.821207908118129382e-02 5.732952622850895352e-02 0.000000000000000000e+00
3.960984658996480334e-02 5.690397664905721964e-02 0.000000000000000000e+00
4.411481499675384832e-02 4.995875597618348873e-02 0.000000000000000000e+00
4.213183393734298843e-02 5.121197426881973769e-02 0.000000000000000000e+00
3.989019628579237864e-02 5.307709401029858665e-02 0.000000000000000000e+00
3.560055536144424160e-02 7.326536953568418831e-02 0.000000000000000000e+00
3.996177924059585163e-02 5.384131101529088248e-02 0.000000000000000000e+00
3.239073506766398935e-02 6.025717257917606595e-02 0.000000000000000000e+00
3.647743679130965866e-02 7.307426770477598588e-02 0.000000000000000000e+00
3.458901287902949040e-02 5.857698470615935182e-02 0.000000000000000000e+00
4.207219978869258803e-02 5.715048382885457023e-02 0.000000000000000000e+00
4.223545297590924896e-02 5.733701879396679857e-02 0.000000000000000000e+00
4.411481499675384832e-02 4.995875597618348873e-02 0.000000000000000000e+00
3.964547018529263056e-02 4.894695149226424569e-02 0.000000000000000000e+00
3.536088289465466605e-02 6.167359994885102115e-02 0.000000000000000000e+00
3.122239658167680343e-02 5.212935281776776009e-02 0.000000000000000000e+00
3.220179958944024978e-02 5.212297948866118080e-02 0.000000000000000000e+00
3.478906521337754576e-02 4.519812471746598170e-02 0.000000000000000000e+00
3.591992896504070387e-02 4.482305433691724517e-02 0.000000000000000000e+00
3.340721722777573177e-02 4.789910525688223508e-02 0.000000000000000000e+00
3.661692473093758338e-02 4.474716023265656872e-02 0.000000000000000000e+00
3.330026737536617709e-02 5.424731488077583208e-02 0.000000000000000000e+00
3.582439265800407835e-02 4.554743630545365907e-02 0.000000000000000000e+00
3.399747278601350509e-02 4.907736181671806808e-02 0.000000000000000000e+00
3.548738246280191966e-02 4.813435552589007127e-02 0.000000000000000000e+00
3.434852438284308196e-02 5.004277204905638321e-02 0.000000000000000000e+00
3.638464031054022829e-02 4.737963530799460532e-02 0.000000000000000000e+00
3.843244189705363745e-02 4.752081640930472251e-02 0.000000000000000000e+00
3.122239658167680343e-02 5.212935281776776009e-02 0.000000000000000000e+00
3.263128093161160592e-02 5.535313819654563705e-02 0.000000000000000000e+00
3.403980597139177888e-02 5.820033035482818917e-02 0.000000000000000000e+00
3.758938574047054892e-02 5.549494534429155745e-02 0.000000000000000000e+00
3.855401306475203516e-02 5.892265892433246055e-02 0.000000000000000000e+00
3.548738246280191966e-02 4.813435552589007127e-02 0.000000000000000000e+00
3.797152570316275622e-02 4.818338640534525208e-02 0.000000000000000000e+00
3.560217061507509051e-02 3.854439692310851484e-02 0.000000000000000000e+00
3.029535606306466011e-02 4.003985556221789643e-02 0.000000000000000000e+00
2.873201218427345882e-02 4.370247336702504093e-02 0.000000000000000000e+00
3.189322968643537592e-02 4.055660749304812462e-02 0.000000000000000000e+00
3.951503745518647470e-02 4.028028357193280673e-02 0.000000000000000000e+00
3.043829690364974194e-02 4.205536696790779239e-02 0.000000000000000000e+00
3.039150121278955119e-02 4.282682851064656404e-02 0.000000000000000000e+00
2.998049430564486695e-02 5.283994449332407584e-02 0.000000000000000000e+00
3.685321029813126703e-02 4.085048087816411932e-02 0.000000000000000000e+00
3.169578472805500979e-02 4.265633625527076589e-02 0.000000000000000000e+00
2.873201218427345882e-02 4.370247336702504093e-02 0.000000000000000000e+00
2.998049430564486695e-02 5.283994449332407584e-02 0.000000000000000000e+00
3.039150121278955119e-02 4.282682851064656404e-02 0.000000000000000000e+00
3.043829690364974194e-02 4.205536696790779239e-02 0.000000000000000000e+00
3.169578472805500979e-02 4.265633625527076589e-02 0.000000000000000000e+00
3.029535606306466011e-02 4.003985556221789643e-02 0.000000000000000000e+00
3.745198199748944745e-02 4.327409937173209986e-02 0.000000000000000000e+00
3.560217061507509051e-02 3.854439692310851484e-02 0.000000000000000000e+00
3.122239658167680343e-02 5.212935281776776009e-02 0.000000000000000000e+00
3.101667838730581828e-02 4.648042703583965540e-02 0.000000000000000000e+00
3.560217061507509051e-02 3.854439692310851484e-02 0.000000000000000000e+00
2.873201218427345882e-02 4.370247336702504093e-02 0.000000000000000000e+00
2.958194591518847893e-02 3.946740018758698731e-02 0.000000000000000000e+00
3.592026512401513827e-02 3.533685621737858717e-02 0.000000000000000000e+00
2.916903868510734021e-02 5.077694471409410770e-02 0.000000000000000000e+00
3.189322968643537592e-02 4.055660749304812462e-02 0.000000000000000000e+00
3.043829690364974194e-02 4.205536696790779239e-02 0.000000000000000000e+00
3.232740422308799655e-02 4.035827622959387018e-02 0.000000000000000000e+00
3.038339613244578352e-02 4.625856287634300124e-02 0.000000000000000000e+00
3.921052785782142003e-02 4.027131535976447019e-02 0.000000000000000000e+00
4.512201864177289856e-02 4.888460213394696385e-02 0.000000000000000000e+00
3.038339613244578352e-02 4.625856287634300124e-02 0.000000000000000000e+00
3.371808408969756421e-02 4.522305910607005153e-02 0.000000000000000000e+00
3.400134210985628069e-02 4.105851110835434525e-02 0.000000000000000000e+00
3.592026512401513827e-02 3.533685621737858717e-02 0.000000000000000000e+00
2.873201218427345882e-02 4.370247336702504093e-02 0.000000000000000000e+00
2.998049430564486695e-02 5.283994449332407584e-02 0.000000000000000000e+00
3.065805778832952910e-02 5.614085945572622194e-02 0.000000000000000000e+00
3.275030700404824024e-02 4.890936956508507016e-02 0.000000000000000000e+00
3.327425387271298884e-02 4.598806755252060618e-02 0.000000000000000000e+00
2.958194591518847893e-02 3.946740018758698731e-02 0.000000000000000000e+00
2.864072599834555088e-02 4.215439652244845625e-02 0.000000000000000000e+00
3.031284950768764475e-02 3.812147715376634771e-02 0.000000000000000000e+00
3.032439295657973766e-02 3.640342335314716848e-02 0.000000000000000000e+00
3.199349997196920814e-02 3.450937383830987581e-02 0.000000000000000000e+00
3.027638773216589918e-02 4.498955367489509971e-02 0.000000000000000000e+00
2.976990044427396676e-02 4.872867031404126692e-02 0.000000000000000000e+00
3.091472099278402830e-02 3.692903254969692739e-02 0.000000000000000000e+00
3.054317441010589995e-02 3.986014194746412276e-02 0.000000000000000000e+00
3.592026512401513827e-02 3.533685621737858717e-02 0.000000000000000000e+00
3.310095549959490846e-02 3.834496840647161342e-02 0.000000000000000000e+00
3.548181750859669137e-02 3.749789208727227763e-02 0.000000000000000000e+00
2.864072599834555088e-02 4.215439652244845625e-02 0.000000000000000000e+00
3.341498959018252002e-02 4.875648782408126269e-02 0.000000000000000000e+00
3.148119976553975796e-02 4.020136355048131716e-02 0.000000000000000000e+00
3.549627048414127906e-02 3.790586372728377285e-02 0.000000000000000000e+00
3.539243999259089613e-02 3.814312205949155210e-02 0.000000000000000000e+00
3.592026512401513827e-02 3.533685621737858717e-02 0.000000000000000000e+00
3.199349997196920814e-02 3.450937383830987581e-02 0.000000000000000000e+00
3.262551779491162929e-02 4.118084024318879877e-02 0.000000000000000000e+00
3.199349997196920814e-02 3.450937383830987581e-02 0.000000000000000000e+00
2.686723114937272783e-02 4.672303618226381072e-02 0.000000000000000000e+00
2.887704341319019541e-02 4.047132025579325276e-02 0.000000000000000000e+00
2.910746489241655688e-02 3.537587108462447727e-02 0.000000000000000000e+00
2.786138107194235936e-02 4.269973554599937327e-02 0.000000000000000000e+00
3.592026512401513827e-02 3.533685621737858717e-02 0.000000000000000000e+00
3.031284950768764475e-02 3.812147715376634771e-02 0.000000000000000000e+00
3.032439295657973766e-02 3.640342335314716848e-02 0.000000000000000000e+00
2.948176806993196841e-02 3.848817871162490967e-02 0.000000000000000000e+00
2.790936037288049842e-02 4.289405566861825836e-02 0.000000000000000000e+00
2.927323527357006405e-02 4.003007775006517388e-02 0.000000000000000000e+00
3.812556290960089633e-02 4.219183108982416108e-02 0.000000000000000000e+00
2.686723114937272783e-02 4.672303618226381072e-02 0.000000000000000000e+00
2.887704341319019541e-02 4.047132025579325276e-02 0.000000000000000000e+00
3.059993232358926285e-02 4.127536841110956978e-02 0.000000000000000000e+00
3.065284607140372763e-02 4.365357860934260259e-02 0.000000000000000000e+00
4.242971481476975892e-02 4.775059728056318953e-02 0.000000000000000000e+00
2.910746489241655688e-02 3.537587108462447727e-02 0.000000000000000000e+00
3.592026512401513827e-02 3.533685621737858717e-02 0.000000000000000000e+00
2.786138107194235936e-02 4.269973554599937327e-02 0.000000000000000000e+00
3.199349997196920814e-02 3.450937383830987581e-02 0.000000000000000000e+00
2.910746489241655688e-02 3.537587108462447727e-02 0.000000000000000000e+00
2.631384612524689803e-02 3.932604561901043017e-02 0.000000000000000000e+00
3.592026512401513827e-02 3.533685621737858717e-02 0.000000000000000000e+00
3.031284950768764475e-02 3.812147715376634771e-02 0.000000000000000000e+00
3.032439295657973766e-02 3.640342335314716848e-02 0.000000000000000000e+00
2.948176806993196841e-02 3.848817871162490967e-02 0.000000000000000000e+00
2.887704341319019541e-02 4.047132025579325276e-02 0.000000000000000000e+00
2.741064760395794941e-02 4.624736174981747272e-02 0.000000000000000000e+00
2.779585603819401118e-02 4.311593847355599252e-02 0.000000000000000000e+00
2.900845499466664368e-02 4.431531135998567628e-02 0.000000000000000000e+00
2.631384612524689803e-02 3.932604561901043017e-02 0.000000000000000000e+00
2.925475251037268354e-02 4.474429782852029636e-02 0.000000000000000000e+00
2.904863368235566234e-02 4.502465289259893755e-02 0.000000000000000000e+00
2.927323527357006405e-02 4.003007775006517388e-02 0.000000000000000000e+00
3.339954090529551056e-02 4.271959211540699020e-02 0.000000000000000000e+00
3.355503153092309621e-02 3.979128896769046353e-02 0.000000000000000000e+00
2.910746489241655688e-02 3.537587108462447727e-02 0.000000000000000000e+00
3.592026512401513827e-02 3.533685621737858717e-02 0.000000000000000000e+00
2.661862704406880997e-02 5.470802647380601513e-02 0.000000000000000000e+00
3.199349997196920814e-02 3.450937383830987581e-02 0.000000000000000000e+00
2.910746489241655688e-02 3.537587108462447727e-02 0.000000000000000000e+00
2.631384612524689803e-02 3.932604561901043017e-02 0.000000000000000000e+00
2.533430147036153102e-02 4.942735224112992931e-02 0.000000000000000000e+00
3.592026512401513827e-02 3.533685621737858717e-02 0.000000000000000000e+00
3.031284950768764475e-02 3.812147715376634771e-02 0.000000000000000000e+00
3.032439295657973766e-02 3.640342335314716848e-02 0.000000000000000000e+00
2.948176806993196841e-02 3.848817871162490967e-02 0.000000000000000000e+00
2.887704341319019541e-02 4.047132025579325276e-02 0.000000000000000000e+00
2.735451016577650218e-02 4.072570137557929293e-02 0.000000000000000000e+00
2.927323527357006405e-02 4.003007775006517388e-02 0.000000000000000000e+00
2.533430147036153102e-02 4.942735224112992931e-02 0.000000000000000000e+00
2.631384612524689803e-02 3.932604561901043017e-02 0.000000000000000000e+00
2.735451016577650218e-02 4.072570137557929293e-02 0.000000000000000000e+00
3.129603550900628139e-02 4.636171405966482695e-02 0.000000000000000000e+00
3.107713298320713413e-02 4.177205593906463399e-02 0.000000000000000000e+00
3.592026512401513827e-02 3.533685621737858717e-02 0.000000000000000000e+00
2.554586501522437825e-02 4.567727946582311738e-02 0.000000000000000000e+00
2.563320097543153597e-02 4.656642245933517721e-02 0.000000000000000000e+00
2.687331618492749818e-02 4.367663273184985151e-02 0.000000000000000000e+00
3.199349997196920814e-02 3.450937383830987581e-02 0.000000000000000000e+00
2.910746489241655688e-02 3.537587108462447727e-02 0.000000000000000000e+00
2.631384612524689803e-02 3.932604561901043017e-02 0.000000000000000000e+00
2.533430147036153102e-02 4.942735224112992931e-02 0.000000000000000000e+00
3.592026512401513827e-02 3.533685621737858717e-02 0.000000000000000000e+00
3.031284950768764475e-02 3.812147715376634771e-02 0.000000000000000000e+00
3.032439295657973766e-02 3.640342335314716848e-02 0.000000000000000000e+00
2.948176806993196841e-02 3.848817871162490967e-02 0.000000000000000000e+00
2.887704341319019541e-02 4.047132025579325276e-02 0.000000000000000000e+00
2.677449853166835592e-02 4.135487532320636372e-02 0.000000000000000000e+00
2.927323527357006405e-02 4.003007775006517388e-02 0.000000000000000000e+00
2.533430147036153102e-02 4.942735224112992931e-02 0.000000000000000000e+00
2.631384612524689803e-02 3.932604561901043017e-02 0.000000000000000000e+00
2.677449853166835592e-02 4.135487532320636372e-02 0.000000000000000000e+00
2.944850763507533831e-02 4.357507353978484765e-02 0.000000000000000000e+00
2.994479372660663330e-02 4.159160166071895759e-02 0.000000000000000000e+00
3.107713298320713413e-02 4.177205593906463399e-02 0.000000000000000000e+00
3.592026512401513827e-02 3.533685621737858717e-02 0.000000000000000000e+00
2.533215982112824172e-02 6.050100795703539092e-02 0.000000000000000000e+00
2.554586501522437825e-02 4.567727946582311738e-02 0.000000000000000000e+00
