0.04842361120805094 0.07402005796043087 24.98
0.04764936477027315 0.07609834783791958 24.97
0.047743981835720706 0.08192716978230763 24.91
0.04913698747541673 0.07881602693184109 24.98
0.046517225139434015 0.07977698333476269 24.98
0.047295553470858454 0.08061183711507891 24.95
0.04869848762725293 0.0743237387634863 24.98
0.04851008187777173 0.0777915231702403 24.95
0.04948734259307852 0.0756650015384045 24.95
0.04575383448366699 0.07015635429495537 24.98
0.05208377613933679 0.07301667676207746 24.96
0.05434010113953225 0.08084536362288064 24.95
0.051427811054657435 0.07524436238585408 24.93
0.056212228307627066 0.0755319973752624 24.94
0.0556187292896011 0.07840040195269882 24.97
0.053022510092743835 0.07396487668542018 24.96
0.05456771252467607 0.07789341052107024 24.97
0.04971836336248625 0.08043624952711237 24.96
0.053939060284993845 0.07707240427851259 24.96
0.05338688436838879 0.07743408906406035 24.95
0.04928595389522661 0.07196861720924641 24.93
0.04199867699496873 0.070653058769242 24.97
0.038801945988406694 0.06649696932378968 24.98
0.038113129562752146 0.0697855562772065 24.97
0.04193597483674083 0.07146556401045134 24.96
0.04275610808841468 0.07449819090242371 24.92
0.03796705110365073 0.06715804257857305 24.96
0.04240203054705671 0.07293000124125681 24.98
0.04148512410747063 0.07044157140456964 24.96
0.04229408978140914 0.07194731835983281 24.96
0.03849341955641816 0.07241684967813866 24.97
0.03684051677203837 0.07513890461527395 24.97
0.038490734465338905 0.06883881226308575 24.94
0.03693015896052909 0.06962326814108843 24.96
0.03600924399553973 0.06701965400073329 24.96
0.03706185722824895 0.07428457704671942 24.96
0.037446013335340034 0.07688383816084254 24.95
0.035565241084895005 0.0729297939696536 24.97
0.03695444704098305 0.07272759794522754 24.97
0.034674392111193164 0.0653745521588942 25.0
0.04207100536914854 0.07015444518855052 24.98
0.03535379538364136 0.06256629458777818 24.98
0.03384070950219853 0.06418372195720012 24.98
0.03584232541679444 0.06764545159918911 24.98
0.03641001694546997 0.07179465551557596 24.98
0.0359341049605455 0.06770719458646524 24.96
0.0349356350344624 0.07122097252431314 24.96
0.03731560635784137 0.07160288751023547 24.96
0.036225569406335256 0.0651970167341891 24.98
0.0362631570436549 0.06424388531718805 24.93
0.04166627988897398 0.07269073770043188 24.97
0.035377635358160076 0.0733435248873634 24.96
0.03741404578449292 0.06774207242074082 24.98
0.034136850598398216 0.06623187316253432 24.96
0.03586833246042331 0.06751257048317338 24.98
0.034826150834050495 0.06310529409857157 24.96
0.034357777251289856 0.0673850122178068 24.97
0.0376563863559195 0.07082305047512616 24.93
0.03337799230741634 0.06592300881877133 24.99
0.03294598451814945 0.07006873416196258 24.97
0.037625797083479906 0.06304895818490441 24.98
0.03749367671196746 0.06388060864131273 24.94
0.03765117842113175 0.06674093949849425 24.97
0.03712321855757894 0.06736491517967635 24.95
0.03901389121579402 0.06537753678696034 24.97
0.03702959227022673 0.0673432832727836 24.96
0.036085435424148105 0.06985326983443851 24.94
0.037749249952729436 0.06354641592037125 24.97
0.03816283803499898 0.0656038860515481 24.96
0.03809195008903066 0.06805205041130324 24.98
0.0331927840391123 0.06810818476138691 24.95
0.03855996780396875 0.06748811470412863 24.96
0.03891719712226149 0.0664396400541325 24.96
0.038871646877585264 0.06698276734404929 24.92
0.03865937080290849 0.06674383471041878 24.96
0.03810545487300998 0.06755913431319405 24.94
0.03405248346227974 0.06917916974287341 24.95
0.04237877537049939 0.08543492111780504 24.94
0.03719745812088915 0.06659111149238517 24.96
0.03399405812636591 0.06824740762541093 24.95
0.03738301046827164 0.0710047195243032 24.97
0.03520366613638248 0.07112623376685168 24.9
0.03451389252626014 0.06701294283474568 24.96
0.03747572934720078 0.07320360711426377 24.96
0.03640225303051736 0.0688644659012222 24.95
0.03437031925354683 0.0667562633222254 24.97
0.034561050612008315 0.06712145048333296 24.97
0.03714702557085647 0.07103613336235559 24.97
0.03578748121660369 0.06622993572284186 24.95
0.03311116173604833 0.06493203107639445 24.97
0.036245100076999104 0.06957667984268223 24.97
0.03283068951256607 0.06728826248903286 24.93
0.03592773601861399 0.06711904707277727 24.94
0.035633079152122216 0.06617067191071102 24.95
0.03515313815257004 0.06228049287527326 24.96
0.034901366379237575 0.06901316557231041 24.96
0.03156553471936108 0.06370233158928296 24.96
0.03366540786018957 0.06950672002344671 24.97
0.03559204717006337 0.06785606053627502 24.92
0.03619939032151254 0.06700959192870282 24.94
