4.872636789052953166e-02 5.389454768941681628e-02 0.000000000000000000e+00
4.320490675284927029e-02 6.399744158933473592e-02 0.000000000000000000e+00
4.746087933232945311e-02 6.197780734561997296e-02 0.000000000000000000e+00
4.190630123520322492e-02 6.446237040407898355e-02 0.000000000000000000e+00
5.959668178096855229e-02 5.640460881609876687e-02 0.000000000000000000e+00
5.758898496996422978e-02 5.911841318803467971e-02 0.000000000000000000e+00
5.670112632879809045e-02 6.034842390039885096e-02 0.000000000000000000e+00
5.204843738211228921e-02 6.179007735981656424e-02 0.000000000000000000e+00
4.610962379433103386e-02 6.708069905877367400e-02 0.000000000000000000e+00
4.387974640181691033e-02 6.900349276306383395e-02 0.000000000000000000e+00
4.792371351422430870e-02 6.882960820763861509e-02 0.000000000000000000e+00
4.190630123520322492e-02 6.446237040407898355e-02 0.000000000000000000e+00
4.610962379433103386e-02 6.708069905877367400e-02 0.000000000000000000e+00
5.084639174123706251e-02 7.273912965250095564e-02 0.000000000000000000e+00
4.746087933232945311e-02 6.197780734561997296e-02 0.000000000000000000e+00
5.204843738211228921e-02 6.179007735981656424e-02 0.000000000000000000e+00
5.788104122987258737e-02 6.114912359851631951e-02 0.000000000000000000e+00
4.872636789052953166e-02 5.389454768941681628e-02 0.000000000000000000e+00
4.320490675284927029e-02 6.399744158933473592e-02 0.000000000000000000e+00
4.708996153216538083e-02 6.858274490438243109e-02 0.000000000000000000e+00
4.943856838027971268e-02 5.035053862733163133e-02 0.000000000000000000e+00
5.109698081952396276e-02 4.761673057646631513e-02 0.000000000000000000e+00
4.126636696842178598e-02 5.162273681589168994e-02 0.000000000000000000e+00
3.854679186384279976e-02 5.349812013281174394e-02 0.000000000000000000e+00
5.400177674652850701e-02 4.881529753501023805e-02 0.000000000000000000e+00
5.035666267465654933e-02 5.274458067026688290e-02 0.000000000000000000e+00
4.585225943284609862e-02 5.326943966652497586e-02 0.000000000000000000e+00
4.344097272658675735e-02 5.537456928978468085e-02 0.000000000000000000e+00
4.059579767934184957e-02 5.609633038568340169e-02 0.000000000000000000e+00
3.894586722651349753e-02 5.934793426842177588e-02 0.000000000000000000e+00
4.018490439821553739e-02 6.242924428131380044e-02 0.000000000000000000e+00
4.082939786144534899e-02 6.220294835678985557e-02 0.000000000000000000e+00
3.999657875608964019e-02 6.685975864854720729e-02 0.000000000000000000e+00
4.059579767934184957e-02 5.609633038568340169e-02 0.000000000000000000e+00
4.344097272658675735e-02 5.537456928978468085e-02 0.000000000000000000e+00
4.126636696842178598e-02 5.162273681589168994e-02 0.000000000000000000e+00
4.585225943284609862e-02 5.326943966652497586e-02 0.000000000000000000e+00
5.035666267465654933e-02 5.274458067026688290e-02 0.000000000000000000e+00
4.943856838027971268e-02 5.035053862733163133e-02 0.000000000000000000e+00
5.400177674652850701e-02 4.881529753501023805e-02 0.000000000000000000e+00
3.658053173254249835e-02 6.413777517094843006e-02 0.000000000000000000e+00
4.003548945682133819e-02 5.271025738007095729e-02 0.000000000000000000e+00
4.040775706334220896e-02 4.748439342898558291e-02 0.000000000000000000e+00
3.784651653588699816e-02 5.627975840120114093e-02 0.000000000000000000e+00
4.680956284599313566e-02 4.234205547538094638e-02 0.000000000000000000e+00
3.949168704345284997e-02 5.412706758509211458e-02 0.000000000000000000e+00
4.079058703439497613e-02 4.923027248180100734e-02 0.000000000000000000e+00
4.332827176219766763e-02 4.753472414631798593e-02 0.000000000000000000e+00
3.828621394694042834e-02 6.116386878420831952e-02 0.000000000000000000e+00
4.748820585669211169e-02 4.379505970284147676e-02 0.000000000000000000e+00
4.952108217333639484e-02 4.884257815050163654e-02 0.000000000000000000e+00
5.400177674652850701e-02 4.881529753501023805e-02 0.000000000000000000e+00
3.658053173254249835e-02 6.413777517094843006e-02 0.000000000000000000e+00
4.126636696842178598e-02 5.162273681589168994e-02 0.000000000000000000e+00
4.448094672648061909e-02 5.264859408849298372e-02 0.000000000000000000e+00
4.529216508944178265e-02 4.855310402087376076e-02 0.000000000000000000e+00
5.041433122170513315e-02 5.056057239736533315e-02 0.000000000000000000e+00
4.748820585669211169e-02 4.379505970284147676e-02 0.000000000000000000e+00
4.680956284599313566e-02 4.234205547538094638e-02 0.000000000000000000e+00
3.784651653588699816e-02 5.627975840120114093e-02 0.000000000000000000e+00
3.621332097354679203e-02 5.171976297181135607e-02 0.000000000000000000e+00
3.519557364950198775e-02 5.541197399780273258e-02 0.000000000000000000e+00
3.786772662602166939e-02 4.810547629643513456e-02 0.000000000000000000e+00
4.497615640102625711e-02 4.115147375346794867e-02 0.000000000000000000e+00
3.931648639358154007e-02 4.195506911798596583e-02 0.000000000000000000e+00
3.856712415670782157e-02 4.971078907716075523e-02 0.000000000000000000e+00
4.187755221403333117e-02 4.463229129780610371e-02 0.000000000000000000e+00
3.961120097681403163e-02 4.672712795314237777e-02 0.000000000000000000e+00
4.202046480131327311e-02 4.255963215321068027e-02 0.000000000000000000e+00
4.050282326956222700e-02 4.612430367288222754e-02 0.000000000000000000e+00
3.519557364950198775e-02 5.541197399780273258e-02 0.000000000000000000e+00
3.621332097354679203e-02 5.171976297181135607e-02 0.000000000000000000e+00
3.826467929720389627e-02 5.106511330143814753e-02 0.000000000000000000e+00
3.978014479752745025e-02 4.867847002321512573e-02 0.000000000000000000e+00
4.021329076677448988e-02 4.736330824264545214e-02 0.000000000000000000e+00
4.050282326956222700e-02 4.612430367288222754e-02 0.000000000000000000e+00
4.187755221403333117e-02 4.463229129780610371e-02 0.000000000000000000e+00
4.202046480131327311e-02 4.255963215321068027e-02 0.000000000000000000e+00
3.931648639358154007e-02 4.195506911798596583e-02 0.000000000000000000e+00
4.497615640102625711e-02 4.115147375346794867e-02 0.000000000000000000e+00
3.519557364950198775e-02 5.541197399780273258e-02 0.000000000000000000e+00
3.675808032995253605e-02 4.547346476461266995e-02 0.000000000000000000e+00
3.678311301974446224e-02 4.141858429980538325e-02 0.000000000000000000e+00
3.902108322684694208e-02 3.985818626616999261e-02 0.000000000000000000e+00
4.200861583982962166e-02 3.692220863107953388e-02 0.000000000000000000e+00
3.809692574318179759e-02 4.374128223120110626e-02 0.000000000000000000e+00
3.931648639358154007e-02 4.195506911798596583e-02 0.000000000000000000e+00
4.213416987282980752e-02 3.977626134165124228e-02 0.000000000000000000e+00
4.465077770039671545e-02 3.806701624374453363e-02 0.000000000000000000e+00
4.389218452608345533e-02 3.973861334632311504e-02 0.000000000000000000e+00
3.519557364950198775e-02 5.541197399780273258e-02 0.000000000000000000e+00
3.678311301974446224e-02 4.141858429980538325e-02 0.000000000000000000e+00
3.809692574318179759e-02 4.374128223120110626e-02 0.000000000000000000e+00
4.010333375490537922e-02 4.279484489705842609e-02 0.000000000000000000e+00
3.902108322684694208e-02 3.985818626616999261e-02 0.000000000000000000e+00
4.941890209612664897e-02 4.389123644254389056e-02 0.000000000000000000e+00
4.389218452608345533e-02 3.973861334632311504e-02 0.000000000000000000e+00
4.200861583982962166e-02 3.692220863107953388e-02 0.000000000000000000e+00
3.866539519093825650e-02 4.801004646701767520e-02 0.000000000000000000e+00
3.965474348334174781e-02 5.128017171799115204e-02 0.000000000000000000e+00
3.028261862377834568e-02 4.526558094396526677e-02 0.000000000000000000e+00
3.143011624847802388e-02 4.351575463846690806e-02 0.000000000000000000e+00
3.217719124233886507e-02 4.087196388156777438e-02 0.000000000000000000e+00
3.337246291987183699e-02 3.496527518242087407e-02 0.000000000000000000e+00
3.353932814653093342e-02 3.758171082102046423e-02 0.000000000000000000e+00
3.817342434027093390e-02 3.642813716026049864e-02 0.000000000000000000e+00
3.370270369263228538e-02 3.947405582811547298e-02 0.000000000000000000e+00
3.775785755111071840e-02 3.885146651029125486e-02 0.000000000000000000e+00
3.491686720710485137e-02 3.894900173830906365e-02 0.000000000000000000e+00
4.170049191226943286e-02 3.803572181345438175e-02 0.000000000000000000e+00
3.402215979211098418e-02 4.196073615881046326e-02 0.000000000000000000e+00
3.028261862377834568e-02 4.526558094396526677e-02 0.000000000000000000e+00
3.143011624847802388e-02 4.351575463846690806e-02 0.000000000000000000e+00
3.217719124233886507e-02 4.087196388156777438e-02 0.000000000000000000e+00
3.405570420389081310e-02 4.311319997724505360e-02 0.000000000000000000e+00
3.448671774430756010e-02 4.338067037596127218e-02 0.000000000000000000e+00
3.370270369263228538e-02 3.947405582811547298e-02 0.000000000000000000e+00
3.775785755111071840e-02 3.885146651029125486e-02 0.000000000000000000e+00
3.979030875783207133e-02 3.828814812550496161e-02 0.000000000000000000e+00
3.817342434027093390e-02 3.642813716026049864e-02 0.000000000000000000e+00
3.028261862377834568e-02 4.526558094396526677e-02 0.000000000000000000e+00
3.143011624847802388e-02 4.351575463846690806e-02 0.000000000000000000e+00
3.217719124233886507e-02 4.087196388156777438e-02 0.000000000000000000e+00
3.249513894384870039e-02 3.388543791876563738e-02 0.000000000000000000e+00
3.147470884003344960e-02 4.619155903973037880e-02 0.000000000000000000e+00
3.337246291987183699e-02 3.496527518242087407e-02 0.000000000000000000e+00
3.334818083813362311e-02 4.385725332047019087e-02 0.000000000000000000e+00
3.191258688140352628e-02 4.758427661150343990e-02 0.000000000000000000e+00
3.353932814653093342e-02 3.758171082102046423e-02 0.000000000000000000e+00
3.657715543489337140e-02 3.543872286517912862e-02 0.000000000000000000e+00
3.370270369263228538e-02 3.947405582811547298e-02 0.000000000000000000e+00
3.476728287387520488e-02 3.821091008099219977e-02 0.000000000000000000e+00
3.979030875783207133e-02 3.828814812550496161e-02 0.000000000000000000e+00
3.028261862377834568e-02 4.526558094396526677e-02 0.000000000000000000e+00
3.398522553399829782e-02 4.256396367810588721e-02 0.000000000000000000e+00
3.592674770675186036e-02 4.529514432638992449e-02 0.000000000000000000e+00
3.502848595474949978e-02 4.035735702410314651e-02 0.000000000000000000e+00
3.619623848863129378e-02 3.832946888817778675e-02 0.000000000000000000e+00
3.740377578123010860e-02 3.850830736083887818e-02 0.000000000000000000e+00
4.009579420851439036e-02 3.990152877151376121e-02 0.000000000000000000e+00
3.028261862377834568e-02 4.526558094396526677e-02 0.000000000000000000e+00
3.143011624847802388e-02 4.351575463846690806e-02 0.000000000000000000e+00
3.249513894384870039e-02 3.388543791876563738e-02 0.000000000000000000e+00
3.195497997286778080e-02 3.670859119420910588e-02 0.000000000000000000e+00
3.337246291987183699e-02 3.496527518242087407e-02 0.000000000000000000e+00
3.217719124233886507e-02 4.087196388156777438e-02 0.000000000000000000e+00
3.245736747983996029e-02 3.863740971132434421e-02 0.000000000000000000e+00
3.353932814653093342e-02 3.758171082102046423e-02 0.000000000000000000e+00
3.657715543489337140e-02 3.543872286517912862e-02 0.000000000000000000e+00
3.298231125689388143e-02 4.301845691749228706e-02 0.000000000000000000e+00
3.442451808018420767e-02 3.767758154243450175e-02 0.000000000000000000e+00
3.979030875783207133e-02 3.828814812550496161e-02 0.000000000000000000e+00
3.028261862377834568e-02 4.526558094396526677e-02 0.000000000000000000e+00
3.379378644084185535e-02 5.508213211620704985e-02 0.000000000000000000e+00
3.405639677479421756e-02 3.814896108175425127e-02 0.000000000000000000e+00
3.476728287387520488e-02 3.821091008099219977e-02 0.000000000000000000e+00
3.588315926884089180e-02 3.759470303943379665e-02 0.000000000000000000e+00
4.116583205385970778e-02 3.834173177635524787e-02 0.000000000000000000e+00
4.054837274427014471e-02 4.021701927463305903e-02 0.000000000000000000e+00
3.230482295864745002e-02 4.029211523086662083e-02 0.000000000000000000e+00
3.028261862377834568e-02 4.526558094396526677e-02 0.000000000000000000e+00
3.249513894384870039e-02 3.388543791876563738e-02 0.000000000000000000e+00
3.195497997286778080e-02 3.670859119420910588e-02 0.000000000000000000e+00
3.337246291987183699e-02 3.496527518242087407e-02 0.000000000000000000e+00
3.143011624847802388e-02 4.351575463846690806e-02 0.000000000000000000e+00
3.187498482602246774e-02 4.044967436146296169e-02 0.000000000000000000e+00
3.245736747983996029e-02 3.863740971132434421e-02 0.000000000000000000e+00
3.353932814653093342e-02 3.758171082102046423e-02 0.000000000000000000e+00
4.312376752825863857e-02 3.509945573907535810e-02 0.000000000000000000e+00
3.495414697271626014e-02 3.614728044290915765e-02 0.000000000000000000e+00
3.442451808018420767e-02 3.767758154243450175e-02 0.000000000000000000e+00
3.028261862377834568e-02 4.526558094396526677e-02 0.000000000000000000e+00
3.254751293438340465e-02 4.527698848116279429e-02 0.000000000000000000e+00
3.187498482602246774e-02 4.044967436146296169e-02 0.000000000000000000e+00
3.405639677479421756e-02 3.814896108175425127e-02 0.000000000000000000e+00
3.476728287387520488e-02 3.821091008099219977e-02 0.000000000000000000e+00
3.588315926884089180e-02 3.759470303943379665e-02 0.000000000000000000e+00
3.495414697271626014e-02 3.614728044290915765e-02 0.000000000000000000e+00
4.139605058529105541e-02 3.677373644058212765e-02 0.000000000000000000e+00
4.312376752825863857e-02 3.509945573907535810e-02 0.000000000000000000e+00
3.249513894384870039e-02 3.388543791876563738e-02 0.000000000000000000e+00
2.861694089947586228e-02 3.553830865362761493e-02 0.000000000000000000e+00
3.337246291987183699e-02 3.496527518242087407e-02 0.000000000000000000e+00
3.195497997286778080e-02 3.670859119420910588e-02 0.000000000000000000e+00
2.949384188095172110e-02 3.969777493105863808e-02 0.000000000000000000e+00
3.110338582166627397e-02 3.803366202822056064e-02 0.000000000000000000e+00
4.312376752825863857e-02 3.509945573907535810e-02 0.000000000000000000e+00
3.365707636810366665e-02 3.686931122208014777e-02 0.000000000000000000e+00
3.082736463259772020e-02 4.116540410881963652e-02 0.000000000000000000e+00
3.145800352462413407e-02 3.819095603072286682e-02 0.000000000000000000e+00
2.861694089947586228e-02 3.553830865362761493e-02 0.000000000000000000e+00
2.949384188095172110e-02 3.969777493105863808e-02 0.000000000000000000e+00
3.082736463259772020e-02 4.116540410881963652e-02 0.000000000000000000e+00
3.110338582166627397e-02 3.803366202822056064e-02 0.000000000000000000e+00
3.397905620390206938e-02 3.932841199456960091e-02 0.000000000000000000e+00
3.405639677479421756e-02 3.814896108175425127e-02 0.000000000000000000e+00
3.365707636810366665e-02 3.686931122208014777e-02 0.000000000000000000e+00
3.495414697271626014e-02 3.614728044290915765e-02 0.000000000000000000e+00
4.312376752825863857e-02 3.509945573907535810e-02 0.000000000000000000e+00
2.865781777862286273e-02 4.695033212688282109e-02 0.000000000000000000e+00
