3.261632761473942654e-02 6.570383536527890644e-02 0.000000000000000000e+00
3.617731729377415828e-02 5.542316301475858076e-02 0.000000000000000000e+00
4.428849609377893959e-02 4.846027317461043538e-02 0.000000000000000000e+00
3.813781290263862367e-02 4.949109757653880060e-02 0.000000000000000000e+00
3.461293608205129324e-02 6.764498013936015575e-02 0.000000000000000000e+00
3.697400712323517524e-02 6.043551797926416391e-02 0.000000000000000000e+00
4.153917241743576572e-02 5.222115454238296373e-02 0.000000000000000000e+00
4.033248362636643325e-02 5.460152127540907063e-02 0.000000000000000000e+00
3.844841636490292647e-02 5.627333859617977829e-02 0.000000000000000000e+00
3.953504764741178068e-02 5.515809784358505219e-02 0.000000000000000000e+00
4.584053763504836176e-02 5.347495030923954396e-02 0.000000000000000000e+00
3.261632761473942654e-02 6.570383536527890644e-02 0.000000000000000000e+00
3.461293608205129324e-02 6.764498013936015575e-02 0.000000000000000000e+00
3.697400712323517524e-02 6.043551797926416391e-02 0.000000000000000000e+00
3.675245938914106780e-02 5.628315654079207864e-02 0.000000000000000000e+00
3.844841636490292647e-02 5.627333859617977829e-02 0.000000000000000000e+00
4.153917241743576572e-02 5.222115454238296373e-02 0.000000000000000000e+00
3.813781290263862367e-02 4.949109757653880060e-02 0.000000000000000000e+00
4.024432208041284209e-02 7.194171373020596949e-02 0.000000000000000000e+00
4.045911848447381054e-02 6.867106416636148403e-02 0.000000000000000000e+00
3.261632761473942654e-02 6.570383536527890644e-02 0.000000000000000000e+00
4.428849609377893959e-02 4.846027317461043538e-02 0.000000000000000000e+00
3.700333623736251631e-02 4.939242882042926830e-02 0.000000000000000000e+00
3.626497020059871179e-02 5.320927888768434144e-02 0.000000000000000000e+00
3.462136782526115120e-02 5.425748228327020861e-02 0.000000000000000000e+00
3.461293608205129324e-02 6.764498013936015575e-02 0.000000000000000000e+00
3.813781290263862367e-02 4.949109757653880060e-02 0.000000000000000000e+00
3.617731729377415828e-02 5.542316301475858076e-02 0.000000000000000000e+00
3.467724279360662187e-02 5.827593693573140943e-02 0.000000000000000000e+00
3.498794509852432011e-02 5.560069506757570057e-02 0.000000000000000000e+00
3.927605840609316168e-02 5.328540445670815195e-02 0.000000000000000000e+00
3.862365851978177833e-02 5.170353177692521562e-02 0.000000000000000000e+00
3.261632761473942654e-02 6.570383536527890644e-02 0.000000000000000000e+00
3.461293608205129324e-02 6.764498013936015575e-02 0.000000000000000000e+00
3.675245938914106780e-02 5.628315654079207864e-02 0.000000000000000000e+00
3.969728929799498651e-02 5.364120248359527388e-02 0.000000000000000000e+00
3.910194078974493781e-02 5.455420623032247729e-02 0.000000000000000000e+00
3.876371476856432796e-02 5.238052236399215467e-02 0.000000000000000000e+00
4.091716150861979262e-02 5.219761963430702423e-02 0.000000000000000000e+00
3.644036267162409359e-02 5.725600973381317349e-02 0.000000000000000000e+00
3.567064354766835699e-02 4.837238543833810578e-02 0.000000000000000000e+00
3.460576496604228502e-02 4.973922638098726701e-02 0.000000000000000000e+00
3.132851493955457478e-02 5.549017105138642769e-02 0.000000000000000000e+00
3.411819275454419653e-02 5.430604069816935553e-02 0.000000000000000000e+00
3.858985882197996098e-02 4.515325337256670402e-02 0.000000000000000000e+00
3.578096081968595854e-02 4.629489668393471646e-02 0.000000000000000000e+00
3.533502326030701912e-02 5.223468913119266865e-02 0.000000000000000000e+00
3.254176972277433855e-02 5.976460226070678949e-02 0.000000000000000000e+00
3.965240971933714498e-02 4.616808596885113580e-02 0.000000000000000000e+00
3.660582100576037501e-02 4.965901412928930281e-02 0.000000000000000000e+00
3.132851493955457478e-02 5.549017105138642769e-02 0.000000000000000000e+00
3.254176972277433855e-02 5.976460226070678949e-02 0.000000000000000000e+00
3.370621742556634270e-02 5.521470387804561231e-02 0.000000000000000000e+00
3.533502326030701912e-02 5.223468913119266865e-02 0.000000000000000000e+00
3.460576496604228502e-02 4.973922638098726701e-02 0.000000000000000000e+00
3.578096081968595854e-02 4.629489668393471646e-02 0.000000000000000000e+00
3.965240971933714498e-02 4.616808596885113580e-02 0.000000000000000000e+00
3.858985882197996098e-02 4.515325337256670402e-02 0.000000000000000000e+00
3.542607647734585807e-02 5.248224234058063153e-02 0.000000000000000000e+00
3.677073876587455548e-02 5.462713767484361771e-02 0.000000000000000000e+00
3.130320337068093206e-02 4.007726006222966930e-02 0.000000000000000000e+00
3.066685200586649618e-02 4.776646610265333770e-02 0.000000000000000000e+00
2.828492255868242378e-02 4.997421556361703043e-02 0.000000000000000000e+00
3.025420850156401720e-02 4.916948492364059398e-02 0.000000000000000000e+00
3.643228149906008184e-02 4.386003744685385008e-02 0.000000000000000000e+00
3.241320159410110424e-02 4.598797295650902672e-02 0.000000000000000000e+00
3.210656546744861117e-02 4.700670307814736049e-02 0.000000000000000000e+00
3.374142738930829832e-02 4.485409220743774572e-02 0.000000000000000000e+00
2.833744981669727991e-02 5.455777100150560610e-02 0.000000000000000000e+00
3.115025356316447613e-02 5.098122034000751590e-02 0.000000000000000000e+00
3.000936619795169236e-02 5.241908012613782919e-02 0.000000000000000000e+00
2.933894407274895144e-02 5.523737304431097783e-02 0.000000000000000000e+00
3.050684747032172961e-02 5.355329955878951331e-02 0.000000000000000000e+00
3.210656546744861117e-02 4.700670307814736049e-02 0.000000000000000000e+00
3.241320159410110424e-02 4.598797295650902672e-02 0.000000000000000000e+00
3.374142738930829832e-02 4.485409220743774572e-02 0.000000000000000000e+00
3.130320337068093206e-02 4.007726006222966930e-02 0.000000000000000000e+00
3.057529824401272744e-02 5.635103219568604604e-02 0.000000000000000000e+00
3.064855917911268879e-02 5.624091426324206999e-02 0.000000000000000000e+00
3.082157721713119081e-02 5.507160797605548108e-02 0.000000000000000000e+00
2.828492255868242378e-02 4.997421556361703043e-02 0.000000000000000000e+00
2.884817007920603693e-02 3.808828581320822249e-02 0.000000000000000000e+00
3.130320337068093206e-02 4.007726006222966930e-02 0.000000000000000000e+00
2.919973125448049878e-02 4.470706072191799052e-02 0.000000000000000000e+00
3.295391392049717982e-02 3.990292081959911918e-02 0.000000000000000000e+00
3.119566485188030036e-02 4.436919788379112273e-02 0.000000000000000000e+00
3.237571546705386716e-02 4.115578157791244251e-02 0.000000000000000000e+00
3.066685200586649618e-02 4.776646610265333770e-02 0.000000000000000000e+00
3.008897580927638593e-02 5.267493893731178822e-02 0.000000000000000000e+00
3.217429164317664458e-02 4.603817049699299169e-02 0.000000000000000000e+00
3.440399932238091818e-02 4.584375299296838957e-02 0.000000000000000000e+00
2.841825407294074068e-02 5.072324034095232470e-02 0.000000000000000000e+00
3.102071188640453947e-02 4.853412988409500084e-02 0.000000000000000000e+00
3.481026117775398721e-02 4.821687379138650531e-02 0.000000000000000000e+00
3.719950723451259655e-02 4.946796579561019147e-02 0.000000000000000000e+00
3.295391392049717982e-02 3.990292081959911918e-02 0.000000000000000000e+00
2.884817007920603693e-02 3.808828581320822249e-02 0.000000000000000000e+00
2.872491711311830898e-02 4.748521647958425795e-02 0.000000000000000000e+00
2.888602688226171722e-02 6.213513742104781468e-02 0.000000000000000000e+00
3.008897580927638593e-02 5.267493893731178822e-02 0.000000000000000000e+00
2.884817007920603693e-02 3.808828581320822249e-02 0.000000000000000000e+00
2.799449937368370112e-02 4.229610957322427200e-02 0.000000000000000000e+00
2.499538664509870500e-02 4.534331741822783535e-02 0.000000000000000000e+00
3.130320337068093206e-02 4.007726006222966930e-02 0.000000000000000000e+00
3.295391392049717982e-02 3.990292081959911918e-02 0.000000000000000000e+00
2.919973125448049878e-02 4.470706072191799052e-02 0.000000000000000000e+00
3.054310085006584075e-02 4.259776646355173391e-02 0.000000000000000000e+00
2.588340811495259963e-02 4.599518416685932642e-02 0.000000000000000000e+00
3.237571546705386716e-02 4.115578157791244251e-02 0.000000000000000000e+00
2.744431381538681158e-02 4.858834778982057401e-02 0.000000000000000000e+00
2.499538664509870500e-02 4.534331741822783535e-02 0.000000000000000000e+00
2.588340811495259963e-02 4.599518416685932642e-02 0.000000000000000000e+00
2.771543424839195691e-02 4.815739639900029623e-02 0.000000000000000000e+00
2.993705578440197801e-02 4.992156019350912910e-02 0.000000000000000000e+00
3.151288266535812177e-02 4.558757950621872279e-02 0.000000000000000000e+00
3.733851212647043560e-02 4.641878645618402466e-02 0.000000000000000000e+00
2.884817007920603693e-02 3.808828581320822249e-02 0.000000000000000000e+00
2.531252022040286764e-02 4.787215369855002400e-02 0.000000000000000000e+00
2.647268917635925423e-02 5.082444514386263990e-02 0.000000000000000000e+00
2.680339157295930086e-02 5.092305302963195945e-02 0.000000000000000000e+00
2.884817007920603693e-02 3.808828581320822249e-02 0.000000000000000000e+00
2.799449937368370112e-02 4.229610957322427200e-02 0.000000000000000000e+00
2.499538664509870500e-02 4.534331741822783535e-02 0.000000000000000000e+00
2.465696659340432806e-02 4.727841823150491507e-02 0.000000000000000000e+00
2.680301318770816899e-02 4.423285454201320022e-02 0.000000000000000000e+00
2.399913652735052860e-02 4.731070102102619135e-02 0.000000000000000000e+00
3.130320337068093206e-02 4.007726006222966930e-02 0.000000000000000000e+00
3.295391392049717982e-02 3.990292081959911918e-02 0.000000000000000000e+00
3.054310085006584075e-02 4.259776646355173391e-02 0.000000000000000000e+00
2.588340811495259963e-02 4.599518416685932642e-02 0.000000000000000000e+00
3.733851212647043560e-02 4.641878645618402466e-02 0.000000000000000000e+00
2.399913652735052860e-02 4.731070102102619135e-02 0.000000000000000000e+00
2.588340811495259963e-02 4.599518416685932642e-02 0.000000000000000000e+00
2.680301318770816899e-02 4.423285454201320022e-02 0.000000000000000000e+00
3.611458551644997073e-02 4.943967043161145991e-02 0.000000000000000000e+00
2.884817007920603693e-02 3.808828581320822249e-02 0.000000000000000000e+00
2.409561682143901429e-02 5.868486382275683866e-02 0.000000000000000000e+00
2.444903527846731262e-02 4.988603118528500691e-02 0.000000000000000000e+00
2.499538664509870500e-02 4.534331741822783535e-02 0.000000000000000000e+00
2.672893604145887281e-02 4.848880953782297443e-02 0.000000000000000000e+00
2.884817007920603693e-02 3.808828581320822249e-02 0.000000000000000000e+00
2.799449937368370112e-02 4.229610957322427200e-02 0.000000000000000000e+00
2.828915975355283940e-02 4.187454278300306587e-02 0.000000000000000000e+00
2.388959635647791568e-02 4.256260569012693118e-02 0.000000000000000000e+00
3.130320337068093206e-02 4.007726006222966930e-02 0.000000000000000000e+00
3.295391392049717982e-02 3.990292081959911918e-02 0.000000000000000000e+00
2.499538664509870500e-02 4.534331741822783535e-02 0.000000000000000000e+00
2.465696659340432806e-02 4.727841823150491507e-02 0.000000000000000000e+00
2.818815048511691401e-02 4.333529647153677722e-02 0.000000000000000000e+00
2.638200063935070006e-02 4.349510975649051314e-02 0.000000000000000000e+00
2.586760501454032912e-02 4.543753881133449912e-02 0.000000000000000000e+00
3.624417013254732645e-02 4.369737072694412916e-02 0.000000000000000000e+00
2.388959635647791568e-02 4.256260569012693118e-02 0.000000000000000000e+00
2.588340811495259963e-02 4.599518416685932642e-02 0.000000000000000000e+00
2.617291616163919254e-02 4.728238779130844449e-02 0.000000000000000000e+00
2.638200063935070006e-02 4.349510975649051314e-02 0.000000000000000000e+00
2.828915975355283940e-02 4.187454278300306587e-02 0.000000000000000000e+00
3.579469775604882109e-02 4.496186514576583360e-02 0.000000000000000000e+00
3.737071841948202966e-02 4.508762921269160451e-02 0.000000000000000000e+00
3.611720820531072462e-02 3.998126556722814140e-02 0.000000000000000000e+00
2.884817007920603693e-02 3.808828581320822249e-02 0.000000000000000000e+00
2.799449937368370112e-02 4.229610957322427200e-02 0.000000000000000000e+00
2.828915975355283940e-02 4.187454278300306587e-02 0.000000000000000000e+00
2.388959635647791568e-02 4.256260569012693118e-02 0.000000000000000000e+00
3.130320337068093206e-02 4.007726006222966930e-02 0.000000000000000000e+00
3.080023033997192350e-02 4.048856973662551262e-02 0.000000000000000000e+00
2.499538664509870500e-02 4.534331741822783535e-02 0.000000000000000000e+00
2.465696659340432806e-02 4.727841823150491507e-02 0.000000000000000000e+00
2.818815048511691401e-02 4.333529647153677722e-02 0.000000000000000000e+00
2.638200063935070006e-02 4.349510975649051314e-02 0.000000000000000000e+00
2.586760501454032912e-02 4.543753881133449912e-02 0.000000000000000000e+00
3.624417013254732645e-02 4.369737072694412916e-02 0.000000000000000000e+00
3.611720820531072462e-02 3.998126556722814140e-02 0.000000000000000000e+00
2.388959635647791568e-02 4.256260569012693118e-02 0.000000000000000000e+00
2.588340811495259963e-02 4.599518416685932642e-02 0.000000000000000000e+00
2.617291616163919254e-02 4.728238779130844449e-02 0.000000000000000000e+00
2.638200063935070006e-02 4.349510975649051314e-02 0.000000000000000000e+00
2.828915975355283940e-02 4.187454278300306587e-02 0.000000000000000000e+00
3.579469775604882109e-02 4.496186514576583360e-02 0.000000000000000000e+00
3.737071841948202966e-02 4.508762921269160451e-02 0.000000000000000000e+00
2.884817007920603693e-02 3.808828581320822249e-02 0.000000000000000000e+00
2.799449937368370112e-02 4.229610957322427200e-02 0.000000000000000000e+00
2.828915975355283940e-02 4.187454278300306587e-02 0.000000000000000000e+00
2.388959635647791568e-02 4.256260569012693118e-02 0.000000000000000000e+00
3.130320337068093206e-02 4.007726006222966930e-02 0.000000000000000000e+00
3.080023033997192350e-02 4.048856973662551262e-02 0.000000000000000000e+00
2.499538664509870500e-02 4.534331741822783535e-02 0.000000000000000000e+00
2.465696659340432806e-02 4.727841823150491507e-02 0.000000000000000000e+00
2.818815048511691401e-02 4.333529647153677722e-02 0.000000000000000000e+00
2.638200063935070006e-02 4.349510975649051314e-02 0.000000000000000000e+00
2.586760501454032912e-02 4.543753881133449912e-02 0.000000000000000000e+00
3.624417013254732645e-02 4.369737072694412916e-02 0.000000000000000000e+00
3.611720820531072462e-02 3.998126556722814140e-02 0.000000000000000000e+00
2.388959635647791568e-02 4.256260569012693118e-02 0.000000000000000000e+00
2.588340811495259963e-02 4.599518416685932642e-02 0.000000000000000000e+00
2.617291616163919254e-02 4.728238779130844449e-02 0.000000000000000000e+00
2.638200063935070006e-02 4.349510975649051314e-02 0.000000000000000000e+00
2.828915975355283940e-02 4.187454278300306587e-02 0.000000000000000000e+00
3.579469775604882109e-02 4.496186514576583360e-02 0.000000000000000000e+00
3.737071841948202966e-02 4.508762921269160451e-02 0.000000000000000000e+00
