4.504144714209723510e-02 6.240495275112978302e-02 0.000000000000000000e+00
3.965412220336406168e-02 6.715230216315326572e-02 0.000000000000000000e+00
4.167285231036710336e-02 6.265634960021415623e-02 0.000000000000000000e+00
3.500850312558068111e-02 7.679031355022980510e-02 0.000000000000000000e+00
4.705370012294451953e-02 5.831758688297983273e-02 0.000000000000000000e+00
4.047885352951963167e-02 6.913161407092238697e-02 0.000000000000000000e+00
4.270388516459977524e-02 6.512699137850730402e-02 0.000000000000000000e+00
4.207092570723713898e-02 6.554485234307438901e-02 0.000000000000000000e+00
3.959255100380809633e-02 7.893114471615514383e-02 0.000000000000000000e+00
5.033988628375196672e-02 5.941192720952170880e-02 0.000000000000000000e+00
5.301262839863696286e-02 6.446229419299653873e-02 0.000000000000000000e+00
3.500850312558068111e-02 7.679031355022980510e-02 0.000000000000000000e+00
3.965269840364660237e-02 7.475116193007447229e-02 0.000000000000000000e+00
4.207092570723713898e-02 6.554485234307438901e-02 0.000000000000000000e+00
5.033988628375196672e-02 5.941192720952170880e-02 0.000000000000000000e+00
4.705370012294451953e-02 5.831758688297983273e-02 0.000000000000000000e+00
3.959255100380809633e-02 7.893114471615514383e-02 0.000000000000000000e+00
4.337417647319108394e-02 9.068620779193425907e-02 0.000000000000000000e+00
4.047885352951963167e-02 6.913161407092238697e-02 0.000000000000000000e+00
4.325103324920553938e-02 6.681256703973448285e-02 0.000000000000000000e+00
3.500850312558068111e-02 7.679031355022980510e-02 0.000000000000000000e+00
4.149865611459446768e-02 5.702217618790295095e-02 0.000000000000000000e+00
3.747489212495280775e-02 5.750615777100465120e-02 0.000000000000000000e+00
4.155439896596035965e-02 5.964586180298636631e-02 0.000000000000000000e+00
3.852759264688909724e-02 6.372264287647522174e-02 0.000000000000000000e+00
3.810638611662509057e-02 6.847092141605237714e-02 0.000000000000000000e+00
4.080484816125218295e-02 6.144448722777173799e-02 0.000000000000000000e+00
4.640187169953480240e-02 5.988738127006842937e-02 0.000000000000000000e+00
3.939179797906877667e-02 6.594756406796764558e-02 0.000000000000000000e+00
4.167285231036710336e-02 6.265634960021415623e-02 0.000000000000000000e+00
4.207092570723713898e-02 6.554485234307438901e-02 0.000000000000000000e+00
3.500850312558068111e-02 7.679031355022980510e-02 0.000000000000000000e+00
3.810638611662509057e-02 6.847092141605237714e-02 0.000000000000000000e+00
4.471762869589723799e-02 7.142219760312296106e-02 0.000000000000000000e+00
4.823334499496512162e-02 7.414049690189350450e-02 0.000000000000000000e+00
4.434534206491469455e-02 6.165602931112412755e-02 0.000000000000000000e+00
4.640187169953480240e-02 5.988738127006842937e-02 0.000000000000000000e+00
3.747489212495280775e-02 5.750615777100465120e-02 0.000000000000000000e+00
4.149865611459446768e-02 5.702217618790295095e-02 0.000000000000000000e+00
3.786953083529187580e-02 6.941284373541711794e-02 0.000000000000000000e+00
3.770789085573089672e-02 5.187921658549343729e-02 0.000000000000000000e+00
3.596927148258333151e-02 5.773386696069360280e-02 0.000000000000000000e+00
3.611494300495665666e-02 5.572199690671941763e-02 0.000000000000000000e+00
3.419292768683956929e-02 5.950200806243211016e-02 0.000000000000000000e+00
3.407211351672079225e-02 7.479045370712422702e-02 0.000000000000000000e+00
3.905738463399277549e-02 5.386569240017702320e-02 0.000000000000000000e+00
3.747489212495280775e-02 5.750615777100465120e-02 0.000000000000000000e+00
3.670968196966195585e-02 5.789710920406876404e-02 0.000000000000000000e+00
3.644228744972344280e-02 6.424731637553438013e-02 0.000000000000000000e+00
3.525831183585359518e-02 7.005788172476723474e-02 0.000000000000000000e+00
4.017026236688592267e-02 5.801716752249286291e-02 0.000000000000000000e+00
4.417332196644063735e-02 5.837085641790584756e-02 0.000000000000000000e+00
3.596927148258333151e-02 5.773386696069360280e-02 0.000000000000000000e+00
4.187465614028496041e-02 5.506905509274484523e-02 0.000000000000000000e+00
3.770789085573089672e-02 5.187921658549343729e-02 0.000000000000000000e+00
3.407211351672079225e-02 7.479045370712422702e-02 0.000000000000000000e+00
3.525831183585359518e-02 7.005788172476723474e-02 0.000000000000000000e+00
3.661093596127484862e-02 6.319054567590820515e-02 0.000000000000000000e+00
3.676744624892069879e-02 6.385623540740503756e-02 0.000000000000000000e+00
3.419292768683956929e-02 5.950200806243211016e-02 0.000000000000000000e+00
3.770789085573089672e-02 5.187921658549343729e-02 0.000000000000000000e+00
3.596927148258333151e-02 5.773386696069360280e-02 0.000000000000000000e+00
3.611494300495665666e-02 5.572199690671941763e-02 0.000000000000000000e+00
3.053812050154358637e-02 6.806153503162415408e-02 0.000000000000000000e+00
3.196079886582325891e-02 6.587156251530257300e-02 0.000000000000000000e+00
3.305475370630828191e-02 5.953118305435189939e-02 0.000000000000000000e+00
3.404931106804320873e-02 5.945243417695755817e-02 0.000000000000000000e+00
3.905738463399277549e-02 5.386569240017702320e-02 0.000000000000000000e+00
3.645430159830420624e-02 5.635713333696090732e-02 0.000000000000000000e+00
3.419292768683956929e-02 5.950200806243211016e-02 0.000000000000000000e+00
4.017026236688592267e-02 5.801716752249286291e-02 0.000000000000000000e+00
3.053812050154358637e-02 6.806153503162415408e-02 0.000000000000000000e+00
3.390600357127926401e-02 6.941129919662780701e-02 0.000000000000000000e+00
3.305475370630828191e-02 5.953118305435189939e-02 0.000000000000000000e+00
3.596927148258333151e-02 5.773386696069360280e-02 0.000000000000000000e+00
4.130999169871873988e-02 5.808997716803254718e-02 0.000000000000000000e+00
4.417332196644063735e-02 5.837085641790584756e-02 0.000000000000000000e+00
4.187465614028496041e-02 5.506905509274484523e-02 0.000000000000000000e+00
3.770789085573089672e-02 5.187921658549343729e-02 0.000000000000000000e+00
3.546632663935211927e-02 7.954110230646027624e-02 0.000000000000000000e+00
3.770789085573089672e-02 5.187921658549343729e-02 0.000000000000000000e+00
3.305475370630828191e-02 5.953118305435189939e-02 0.000000000000000000e+00
3.188669901186980127e-02 6.397173822308221958e-02 0.000000000000000000e+00
2.926915197847557160e-02 7.198883484165785607e-02 0.000000000000000000e+00
3.081018809040492190e-02 6.611607503712291223e-02 0.000000000000000000e+00
3.320711644759355430e-02 5.562237018384019738e-02 0.000000000000000000e+00
3.312637781892069366e-02 5.680166928420449235e-02 0.000000000000000000e+00
3.023480821703317112e-02 7.111188588514782971e-02 0.000000000000000000e+00
3.474963167363254168e-02 5.236226739635063687e-02 0.000000000000000000e+00
3.287885628028752727e-02 6.185747774418859368e-02 0.000000000000000000e+00
4.187465614028496041e-02 5.506905509274484523e-02 0.000000000000000000e+00
3.081018809040492190e-02 6.611607503712291223e-02 0.000000000000000000e+00
3.432083218337866892e-02 6.451852515863298887e-02 0.000000000000000000e+00
3.312637781892069366e-02 5.680166928420449235e-02 0.000000000000000000e+00
3.320711644759355430e-02 5.562237018384019738e-02 0.000000000000000000e+00
4.201161106498962905e-02 5.552449520015745321e-02 0.000000000000000000e+00
3.474963167363254168e-02 5.236226739635063687e-02 0.000000000000000000e+00
3.770789085573089672e-02 5.187921658549343729e-02 0.000000000000000000e+00
2.926915197847557160e-02 7.198883484165785607e-02 0.000000000000000000e+00
3.089487085018183254e-02 6.651683588074008835e-02 0.000000000000000000e+00
2.926915197847557160e-02 7.198883484165785607e-02 0.000000000000000000e+00
3.320711644759355430e-02 5.562237018384019738e-02 0.000000000000000000e+00
3.848350426795277279e-02 5.040700754632521097e-02 0.000000000000000000e+00
3.341265176355323607e-02 5.145164736560781105e-02 0.000000000000000000e+00
3.093808025090949432e-02 5.673992437225849894e-02 0.000000000000000000e+00
2.987192895361034939e-02 5.941064939196605277e-02 0.000000000000000000e+00
3.474963167363254168e-02 5.236226739635063687e-02 0.000000000000000000e+00
3.702297590182035414e-02 5.187541922040650455e-02 0.000000000000000000e+00
3.312637781892069366e-02 5.680166928420449235e-02 0.000000000000000000e+00
3.118082197524019161e-02 5.833066683435139677e-02 0.000000000000000000e+00
3.684293061056076457e-02 5.606117173969749068e-02 0.000000000000000000e+00
3.592347065878220835e-02 5.318819058833901270e-02 0.000000000000000000e+00
2.987192895361034939e-02 5.941064939196605277e-02 0.000000000000000000e+00
3.377070909381496566e-02 5.856046542379900188e-02 0.000000000000000000e+00
3.320711644759355430e-02 5.562237018384019738e-02 0.000000000000000000e+00
3.544358826927518358e-02 5.649288662862805843e-02 0.000000000000000000e+00
3.729546811960948727e-02 5.577282756711310352e-02 0.000000000000000000e+00
3.665178154748216510e-02 5.409315281352777838e-02 0.000000000000000000e+00
3.719445119764674956e-02 5.397836363422192640e-02 0.000000000000000000e+00
3.848350426795277279e-02 5.040700754632521097e-02 0.000000000000000000e+00
3.118918110742430194e-02 5.331282843453988285e-02 0.000000000000000000e+00
3.014815464612163876e-02 5.543597261633548268e-02 0.000000000000000000e+00
3.136649771234112372e-02 5.188829119027005277e-02 0.000000000000000000e+00
3.209176384504108803e-02 4.841263260545969338e-02 0.000000000000000000e+00
2.879145320719733725e-02 5.946985447182928652e-02 0.000000000000000000e+00
3.429754919573202443e-02 4.434415667832125596e-02 0.000000000000000000e+00
3.232280917981233959e-02 4.995193381441986880e-02 0.000000000000000000e+00
3.212861564524249758e-02 5.088539917709888893e-02 0.000000000000000000e+00
3.494934431858420787e-02 4.522839088752839132e-02 0.000000000000000000e+00
3.466934784731867669e-02 4.584132056580103587e-02 0.000000000000000000e+00
3.503949699103436899e-02 4.964462268884539675e-02 0.000000000000000000e+00
3.759482741136532802e-02 4.916075764474214793e-02 0.000000000000000000e+00
2.879145320719733725e-02 5.946985447182928652e-02 0.000000000000000000e+00
3.014380941219130250e-02 5.669916014470888221e-02 0.000000000000000000e+00
3.209176384504108803e-02 4.841263260545969338e-02 0.000000000000000000e+00
3.612546035452413040e-02 5.013864742460416579e-02 0.000000000000000000e+00
4.053106689138830099e-02 5.455556219758006531e-02 0.000000000000000000e+00
3.466934784731867669e-02 4.584132056580103587e-02 0.000000000000000000e+00
3.494934431858420787e-02 4.522839088752839132e-02 0.000000000000000000e+00
3.429754919573202443e-02 4.434415667832125596e-02 0.000000000000000000e+00
2.548707250539938851e-02 4.751484780908810102e-02 0.000000000000000000e+00
2.638314979428690865e-02 4.121881280838479711e-02 0.000000000000000000e+00
3.172680457916432495e-02 3.856651796774279717e-02 0.000000000000000000e+00
3.107357227467955063e-02 4.176089825415518764e-02 0.000000000000000000e+00
2.661251325553148916e-02 4.200947766556661911e-02 0.000000000000000000e+00
3.314669868329433999e-02 4.035723876162344848e-02 0.000000000000000000e+00
2.681269487268367335e-02 5.082981487230830986e-02 0.000000000000000000e+00
3.033947062609576584e-02 4.335444277340383401e-02 0.000000000000000000e+00
3.187641879826341729e-02 4.284695894560996976e-02 0.000000000000000000e+00
2.715092682646547129e-02 4.575772267217070866e-02 0.000000000000000000e+00
2.969009109007969549e-02 4.602363560466571357e-02 0.000000000000000000e+00
3.114429248190975219e-02 4.472758902074036591e-02 0.000000000000000000e+00
2.548707250539938851e-02 4.751484780908810102e-02 0.000000000000000000e+00
2.681269487268367335e-02 5.082981487230830986e-02 0.000000000000000000e+00
2.956633316978041215e-02 4.718365388620127110e-02 0.000000000000000000e+00
3.347369335076921804e-02 5.452266005571571039e-02 0.000000000000000000e+00
3.151296843033291051e-02 4.459553577259689483e-02 0.000000000000000000e+00
3.107357227467955063e-02 4.176089825415518764e-02 0.000000000000000000e+00
3.314669868329433999e-02 4.035723876162344848e-02 0.000000000000000000e+00
3.172680457916432495e-02 3.856651796774279717e-02 0.000000000000000000e+00
2.436739296094292406e-02 4.031254623342306331e-02 0.000000000000000000e+00
2.520786690198251190e-02 3.691074743677513759e-02 0.000000000000000000e+00
2.472149847649218746e-02 4.106331500960058722e-02 0.000000000000000000e+00
2.658969971076208250e-02 3.907147326964444112e-02 0.000000000000000000e+00
2.833496626104348159e-02 3.853711091618650109e-02 0.000000000000000000e+00
2.638314979428690865e-02 4.121881280838479711e-02 0.000000000000000000e+00
2.576747894850017762e-02 4.266741880395641395e-02 0.000000000000000000e+00
2.731925537801505044e-02 4.024018383077232475e-02 0.000000000000000000e+00
3.172680457916432495e-02 3.856651796774279717e-02 0.000000000000000000e+00
2.875989463155870229e-02 3.918514766216174561e-02 0.000000000000000000e+00
2.436739296094292406e-02 4.031254623342306331e-02 0.000000000000000000e+00
2.576747894850017762e-02 4.266741880395641395e-02 0.000000000000000000e+00
2.681217655317491566e-02 4.119315639213438907e-02 0.000000000000000000e+00
2.731925537801505044e-02 4.024018383077232475e-02 0.000000000000000000e+00
2.950314355283045753e-02 4.055857748495039772e-02 0.000000000000000000e+00
2.520786690198251190e-02 3.691074743677513759e-02 0.000000000000000000e+00
2.441925944431311279e-02 5.546676256364402313e-02 0.000000000000000000e+00
2.640159096797378702e-02 4.245848791144202217e-02 0.000000000000000000e+00
2.792850212575248570e-02 4.714271753453846969e-02 0.000000000000000000e+00
2.759654308611581008e-02 4.285693138584556472e-02 0.000000000000000000e+00
2.253236688061177606e-02 3.235568132131538821e-02 0.000000000000000000e+00
2.968463610857219326e-02 3.372804368003234909e-02 0.000000000000000000e+00
2.520786690198251190e-02 3.691074743677513759e-02 0.000000000000000000e+00
2.436739296094292406e-02 4.031254623342306331e-02 0.000000000000000000e+00
2.405502940775527954e-02 4.137204886318901487e-02 0.000000000000000000e+00
2.268900497110837300e-02 5.212784614521281945e-02 0.000000000000000000e+00
2.331142786239970288e-02 4.191077467466963746e-02 0.000000000000000000e+00
2.365399228226183759e-02 4.162946115666410485e-02 0.000000000000000000e+00
2.589286933478174291e-02 3.500974162529790767e-02 0.000000000000000000e+00
2.439311467727767191e-02 3.717854312226775981e-02 0.000000000000000000e+00
2.648703923760520329e-02 3.813194076532222532e-02 0.000000000000000000e+00
2.780750492400252405e-02 3.543912530143100703e-02 0.000000000000000000e+00
2.569856195304165425e-02 3.879431194546545392e-02 0.000000000000000000e+00
2.668642611478355686e-02 3.879745494534669881e-02 0.000000000000000000e+00
2.816242904052068674e-02 3.932830963953704018e-02 0.000000000000000000e+00
2.589286933478174291e-02 3.500974162529790767e-02 0.000000000000000000e+00
2.968463610857219326e-02 3.372804368003234909e-02 0.000000000000000000e+00
2.253236688061177606e-02 3.235568132131538821e-02 0.000000000000000000e+00
2.439311467727767191e-02 3.717854312226775981e-02 0.000000000000000000e+00
2.583235780426973438e-02 3.770179941858220474e-02 0.000000000000000000e+00
