6.556143570822814404e-02 8.203074238110941163e-02 0.000000000000000000e+00
6.662349558560387575e-02 6.638692034138404807e-02 0.000000000000000000e+00
6.253941214787739344e-02 8.936420163173364184e-02 0.000000000000000000e+00
6.586690845264864258e-02 7.969136161417933462e-02 0.000000000000000000e+00
7.102713686050532438e-02 7.551179025233900610e-02 0.000000000000000000e+00
7.499523445739098015e-02 7.418913886291955695e-02 0.000000000000000000e+00
6.975272438071067338e-02 7.551232973847343821e-02 0.000000000000000000e+00
6.816806012974740980e-02 7.554194580521023106e-02 0.000000000000000000e+00
6.407497336112055741e-02 8.978889526716249403e-02 0.000000000000000000e+00
6.734915780524608486e-02 8.293290748177706284e-02 0.000000000000000000e+00
7.725158502938556104e-02 8.038546781430611077e-02 0.000000000000000000e+00
6.253941214787739344e-02 8.936420163173364184e-02 0.000000000000000000e+00
6.816806012974740980e-02 7.554194580521023106e-02 0.000000000000000000e+00
7.499523445739098015e-02 7.418913886291955695e-02 0.000000000000000000e+00
6.662349558560387575e-02 6.638692034138404807e-02 0.000000000000000000e+00
6.319751821750174692e-02 8.296576305399461226e-02 0.000000000000000000e+00
6.407874559164006278e-02 9.295252656216690390e-02 0.000000000000000000e+00
6.556143570822814404e-02 8.203074238110941163e-02 0.000000000000000000e+00
6.586690845264864258e-02 7.969136161417933462e-02 0.000000000000000000e+00
6.829640501539502306e-02 7.765879242255713244e-02 0.000000000000000000e+00
6.094108089236482950e-02 5.545319148172556112e-02 0.000000000000000000e+00
5.413099046480862597e-02 5.879581099863939730e-02 0.000000000000000000e+00
4.976060967365825149e-02 7.666391278759265848e-02 0.000000000000000000e+00
5.162752759476618714e-02 7.624630227349504796e-02 0.000000000000000000e+00
5.187602525160650568e-02 6.496820043943818401e-02 0.000000000000000000e+00
5.699303482113315944e-02 5.620637884699708486e-02 0.000000000000000000e+00
5.357546704919080582e-02 6.369044560602810101e-02 0.000000000000000000e+00
5.400677982435286850e-02 6.177335468494804527e-02 0.000000000000000000e+00
5.578191067224269606e-02 6.038428830853770357e-02 0.000000000000000000e+00
5.950446113913743229e-02 5.768104343734903328e-02 0.000000000000000000e+00
4.976060967365825149e-02 7.666391278759265848e-02 0.000000000000000000e+00
5.268076860982129350e-02 7.130773165189530083e-02 0.000000000000000000e+00
5.425742160154700677e-02 6.733603229503959398e-02 0.000000000000000000e+00
5.690968769620319279e-02 6.943058121317702280e-02 0.000000000000000000e+00
5.400677982435286850e-02 6.177335468494804527e-02 0.000000000000000000e+00
5.950446113913743229e-02 5.768104343734903328e-02 0.000000000000000000e+00
6.094108089236482950e-02 5.545319148172556112e-02 0.000000000000000000e+00
5.093369128644376076e-02 8.210992448977472158e-02 0.000000000000000000e+00
5.700717725620274567e-02 7.969473606179011682e-02 0.000000000000000000e+00
5.725999197413655928e-02 6.730830004169485736e-02 0.000000000000000000e+00
4.912443804331889652e-02 5.317604607263670680e-02 0.000000000000000000e+00
5.951352945800303385e-02 4.976879936679146077e-02 0.000000000000000000e+00
5.676784621531716368e-02 5.042211107219274346e-02 0.000000000000000000e+00
4.730996429781897383e-02 6.992805621393061166e-02 0.000000000000000000e+00
5.380560418863478134e-02 5.506083441350939633e-02 0.000000000000000000e+00
5.236806453732811839e-02 5.654659885253521256e-02 0.000000000000000000e+00
5.448421775488798691e-02 5.349088559970405221e-02 0.000000000000000000e+00
4.921871839028502116e-02 6.322572083441646562e-02 0.000000000000000000e+00
5.032754054261834309e-02 5.901553882032517517e-02 0.000000000000000000e+00
5.714495311132561373e-02 5.322264629263950830e-02 0.000000000000000000e+00
4.730996429781897383e-02 6.992805621393061166e-02 0.000000000000000000e+00
4.921871839028502116e-02 6.322572083441646562e-02 0.000000000000000000e+00
5.032754054261834309e-02 5.901553882032517517e-02 0.000000000000000000e+00
5.217025974554467815e-02 6.015862279020856018e-02 0.000000000000000000e+00
5.273706935169530929e-02 5.682567305622543419e-02 0.000000000000000000e+00
5.499230929337295404e-02 5.671933274133722502e-02 0.000000000000000000e+00
5.536699031909964042e-02 5.400102097509618115e-02 0.000000000000000000e+00
5.788703147824525441e-02 5.216999442251268881e-02 0.000000000000000000e+00
5.282909740396379839e-02 5.944581699445872225e-02 0.000000000000000000e+00
5.245336072218476087e-02 6.277219992333393783e-02 0.000000000000000000e+00
4.974556626432780071e-02 3.922149485896131438e-02 0.000000000000000000e+00
4.412916983154391293e-02 4.879424301906143402e-02 0.000000000000000000e+00
4.730500931947401178e-02 4.510017077833017307e-02 0.000000000000000000e+00
4.767599328114990875e-02 4.457850096008608709e-02 0.000000000000000000e+00
5.276741867171030886e-02 4.021156115861523883e-02 0.000000000000000000e+00
5.080905916682088019e-02 4.136494750268782106e-02 0.000000000000000000e+00
4.730996429781897383e-02 6.992805621393061166e-02 0.000000000000000000e+00
5.195603035023277361e-02 4.388466348016506480e-02 0.000000000000000000e+00
5.006458579358918914e-02 4.632472400969356308e-02 0.000000000000000000e+00
4.835461716199396243e-02 4.828955831535441945e-02 0.000000000000000000e+00
4.412916983154391293e-02 4.879424301906143402e-02 0.000000000000000000e+00
4.730996429781897383e-02 6.992805621393061166e-02 0.000000000000000000e+00
5.353556358039113228e-02 4.379336227278474158e-02 0.000000000000000000e+00
5.080905916682088019e-02 4.136494750268782106e-02 0.000000000000000000e+00
5.276741867171030886e-02 4.021156115861523883e-02 0.000000000000000000e+00
4.974556626432780071e-02 3.922149485896131438e-02 0.000000000000000000e+00
4.730500931947401178e-02 4.510017077833017307e-02 0.000000000000000000e+00
4.767599328114990875e-02 4.457850096008608709e-02 0.000000000000000000e+00
5.493805997270118091e-02 4.181329663341204483e-02 0.000000000000000000e+00
5.580332081866823390e-02 4.269916390273098550e-02 0.000000000000000000e+00
4.974556626432780071e-02 3.922149485896131438e-02 0.000000000000000000e+00
4.412916983154391293e-02 4.879424301906143402e-02 0.000000000000000000e+00
4.730500931947401178e-02 4.510017077833017307e-02 0.000000000000000000e+00
4.833054267144143434e-02 4.355080158315161043e-02 0.000000000000000000e+00
5.128867895032396262e-02 3.755887110777056392e-02 0.000000000000000000e+00
4.551977793596506672e-02 4.568760537036398173e-02 0.000000000000000000e+00
4.946142406081666110e-02 4.266211178461376541e-02 0.000000000000000000e+00
5.080905916682088019e-02 4.136494750268782106e-02 0.000000000000000000e+00
5.043543430531705063e-02 4.224155252381789349e-02 0.000000000000000000e+00
4.669482448330808388e-02 4.788030465423231963e-02 0.000000000000000000e+00
4.412916983154391293e-02 4.879424301906143402e-02 0.000000000000000000e+00
4.551977793596506672e-02 4.568760537036398173e-02 0.000000000000000000e+00
4.669482448330808388e-02 4.788030465423231963e-02 0.000000000000000000e+00
4.730500931947401178e-02 4.510017077833017307e-02 0.000000000000000000e+00
4.926333512256220182e-02 4.487297961759861842e-02 0.000000000000000000e+00
5.080905916682088019e-02 4.136494750268782106e-02 0.000000000000000000e+00
5.128867895032396262e-02 3.755887110777056392e-02 0.000000000000000000e+00
4.584642377570435912e-02 5.193827838526277052e-02 0.000000000000000000e+00
4.725366457513435758e-02 5.312151179696633641e-02 0.000000000000000000e+00
4.788161562052051234e-02 5.053239905938033960e-02 0.000000000000000000e+00
4.974556626432780071e-02 3.922149485896131438e-02 0.000000000000000000e+00
5.128867895032396262e-02 3.755887110777056392e-02 0.000000000000000000e+00
4.387677607459328222e-02 4.263631515980903508e-02 0.000000000000000000e+00
4.899400900735995101e-02 3.997525224159126367e-02 0.000000000000000000e+00
4.734392409587206973e-02 4.034925588830573506e-02 0.000000000000000000e+00
5.159980742160696909e-02 3.829775999232420958e-02 0.000000000000000000e+00
4.454382458182293281e-02 4.725562854392584278e-02 0.000000000000000000e+00
4.550417815152307810e-02 4.522989563092461029e-02 0.000000000000000000e+00
4.741812109291276833e-02 4.175535509571393078e-02 0.000000000000000000e+00
4.910156075918847840e-02 4.072276542958108703e-02 0.000000000000000000e+00
4.758055026604901538e-02 4.334905630947383237e-02 0.000000000000000000e+00
4.387677607459328222e-02 4.263631515980903508e-02 0.000000000000000000e+00
4.454382458182293281e-02 4.725562854392584278e-02 0.000000000000000000e+00
4.550417815152307810e-02 4.522989563092461029e-02 0.000000000000000000e+00
4.905558166304468948e-02 4.827702244763787398e-02 0.000000000000000000e+00
4.955576989114529596e-02 5.190192777326529949e-02 0.000000000000000000e+00
4.741812109291276833e-02 4.175535509571393078e-02 0.000000000000000000e+00
4.734392409587206973e-02 4.034925588830573506e-02 0.000000000000000000e+00
5.186669657804310329e-02 3.958164075283021610e-02 0.000000000000000000e+00
5.159980742160696909e-02 3.829775999232420958e-02 0.000000000000000000e+00
5.128867895032396262e-02 3.755887110777056392e-02 0.000000000000000000e+00
4.625051018441383999e-02 3.816989043744523080e-02 0.000000000000000000e+00
4.238669052358923217e-02 5.750121614253100866e-02 0.000000000000000000e+00
4.273271940489953291e-02 4.967133811551760481e-02 0.000000000000000000e+00
4.364261900576826836e-02 4.253547574298655043e-02 0.000000000000000000e+00
4.734392409587206973e-02 4.034925588830573506e-02 0.000000000000000000e+00
4.727424595627094384e-02 4.092250720747281356e-02 0.000000000000000000e+00
4.635139999859616555e-02 4.130209003172624627e-02 0.000000000000000000e+00
4.739937703095675747e-02 3.846354367301130228e-02 0.000000000000000000e+00
4.387677607459328222e-02 4.263631515980903508e-02 0.000000000000000000e+00
4.456203960517535201e-02 5.064239504679601822e-02 0.000000000000000000e+00
4.550417815152307810e-02 4.522989563092461029e-02 0.000000000000000000e+00
4.730597803959124548e-02 4.365419534422643189e-02 0.000000000000000000e+00
4.807069870604119277e-02 3.912647768872778986e-02 0.000000000000000000e+00
4.533764325633682368e-02 5.326101733990251663e-02 0.000000000000000000e+00
4.749074848714196495e-02 4.878311243700039768e-02 0.000000000000000000e+00
4.833766332286870693e-02 4.760284578035756109e-02 0.000000000000000000e+00
4.758055026604901538e-02 4.334905630947383237e-02 0.000000000000000000e+00
4.726945971639651134e-02 4.437820577179574233e-02 0.000000000000000000e+00
5.070229582634033783e-02 4.104229144204885049e-02 0.000000000000000000e+00
5.128867895032396262e-02 3.755887110777056392e-02 0.000000000000000000e+00
4.625051018441383999e-02 3.816989043744523080e-02 0.000000000000000000e+00
4.238669052358923217e-02 5.750121614253100866e-02 0.000000000000000000e+00
4.364261900576826836e-02 4.253547574298655043e-02 0.000000000000000000e+00
4.217484557788753197e-02 6.687079831676268071e-02 0.000000000000000000e+00
4.734392409587206973e-02 4.034925588830573506e-02 0.000000000000000000e+00
4.727424595627094384e-02 4.092250720747281356e-02 0.000000000000000000e+00
4.635139999859616555e-02 4.130209003172624627e-02 0.000000000000000000e+00
4.739937703095675747e-02 3.846354367301130228e-02 0.000000000000000000e+00
4.387677607459328222e-02 4.263631515980903508e-02 0.000000000000000000e+00
4.398575390981207534e-02 5.480859279974503728e-02 0.000000000000000000e+00
4.549984265473128175e-02 4.311405901587761491e-02 0.000000000000000000e+00
4.619363491714167935e-02 4.286209745884850264e-02 0.000000000000000000e+00
4.807069870604119277e-02 3.912647768872778986e-02 0.000000000000000000e+00
4.456203960517535201e-02 5.064239504679601822e-02 0.000000000000000000e+00
4.515617601574339890e-02 6.209905679370719689e-02 0.000000000000000000e+00
4.550417815152307810e-02 4.522989563092461029e-02 0.000000000000000000e+00
4.619118720351733653e-02 4.546170799803073148e-02 0.000000000000000000e+00
4.698302101546225629e-02 4.376094854173617765e-02 0.000000000000000000e+00
4.715650830878548305e-02 4.369835950589229245e-02 0.000000000000000000e+00
5.128867895032396262e-02 3.755887110777056392e-02 0.000000000000000000e+00
4.625051018441383999e-02 3.816989043744523080e-02 0.000000000000000000e+00
4.364261900576826836e-02 4.253547574298655043e-02 0.000000000000000000e+00
4.217484557788753197e-02 6.687079831676268071e-02 0.000000000000000000e+00
4.734392409587206973e-02 4.034925588830573506e-02 0.000000000000000000e+00
4.727424595627094384e-02 4.092250720747281356e-02 0.000000000000000000e+00
4.635139999859616555e-02 4.130209003172624627e-02 0.000000000000000000e+00
4.739937703095675747e-02 3.846354367301130228e-02 0.000000000000000000e+00
4.387677607459328222e-02 4.263631515980903508e-02 0.000000000000000000e+00
4.367506451915181831e-02 4.572251946284688895e-02 0.000000000000000000e+00
4.549984265473128175e-02 4.311405901587761491e-02 0.000000000000000000e+00
4.619363491714167935e-02 4.286209745884850264e-02 0.000000000000000000e+00
4.807069870604119277e-02 3.912647768872778986e-02 0.000000000000000000e+00
4.367506451915181831e-02 4.572251946284688895e-02 0.000000000000000000e+00
4.558663933697848503e-02 4.510459150041934429e-02 0.000000000000000000e+00
4.550417815152307810e-02 4.522989563092461029e-02 0.000000000000000000e+00
4.673483720546001141e-02 4.215945906081564054e-02 0.000000000000000000e+00
4.698302101546225629e-02 4.376094854173617765e-02 0.000000000000000000e+00
4.882442124983066289e-02 4.061087667497409459e-02 0.000000000000000000e+00
5.033207341468881602e-02 3.959690632647760999e-02 0.000000000000000000e+00
5.128867895032396262e-02 3.755887110777056392e-02 0.000000000000000000e+00
4.625051018441383999e-02 3.816989043744523080e-02 0.000000000000000000e+00
4.364261900576826836e-02 4.253547574298655043e-02 0.000000000000000000e+00
4.217484557788753197e-02 6.687079831676268071e-02 0.000000000000000000e+00
4.612795996002250210e-02 4.012459442795768272e-02 0.000000000000000000e+00
4.420108062852201591e-02 4.157341017877180800e-02 0.000000000000000000e+00
4.739937703095675747e-02 3.846354367301130228e-02 0.000000000000000000e+00
4.387677607459328222e-02 4.263631515980903508e-02 0.000000000000000000e+00
4.367506451915181831e-02 4.572251946284688895e-02 0.000000000000000000e+00
4.734392409587206973e-02 4.034925588830573506e-02 0.000000000000000000e+00
4.619363491714167935e-02 4.286209745884850264e-02 0.000000000000000000e+00
4.807069870604119277e-02 3.912647768872778986e-02 0.000000000000000000e+00
4.367506451915181831e-02 4.572251946284688895e-02 0.000000000000000000e+00
4.420108062852201591e-02 4.157341017877180800e-02 0.000000000000000000e+00
4.639210151703454521e-02 4.305897937037950207e-02 0.000000000000000000e+00
4.599290614568984914e-02 4.309423835394832203e-02 0.000000000000000000e+00
4.612795996002250210e-02 4.012459442795768272e-02 0.000000000000000000e+00
4.814030858565310211e-02 4.026657004747291602e-02 0.000000000000000000e+00
5.033207341468881602e-02 3.959690632647760999e-02 0.000000000000000000e+00
4.426536558859928139e-02 4.705083020211586753e-02 0.000000000000000000e+00
