0.08721290524665104 0.09806013821627246 24.91
0.08066051441332533 0.09595224603564734 24.88
0.08765989269814556 0.0914100731579226 24.9
0.08850486345724007 0.09776632638630656 24.85
0.08624529066046482 0.09409871407593895 24.91
0.08937186991886081 0.0930119813762248 24.91
0.0814534215672309 0.11089079503280519 24.82
0.08662647987886718 0.10415653304417216 24.8
0.08865691324113512 0.09763324579259902 24.86
0.09022989902135481 0.09125284697384772 24.89
0.07565605532773201 0.10383319118364565 24.89
0.07553199836998858 0.09096984245828699 24.93
0.07652780887840005 0.09535053947435912 24.89
0.07581053357023948 0.0977667806253687 24.89
0.07522745189077573 0.09634037960618103 24.93
0.07362200993237966 0.09207759601163024 24.92
0.07351040297927569 0.09060381996259981 24.89
0.07531949358509094 0.09491314397444672 24.91
0.07425927239578411 0.09409261920854006 24.89
0.07189821015517661 0.09787798613650012 24.87
0.07184434627266667 0.1001268018853183 24.92
0.07148304402915473 0.09519626076025034 24.94
0.07518450216850525 0.09530485754560436 24.88
0.07306293705010503 0.09224609374006121 24.84
0.07293510423988625 0.08924486650036845 24.88
0.07372192297977298 0.09844252431695777 24.92
0.07196929829226173 0.09671601347784875 24.87
0.07381026705287264 0.09547672063118195 24.92
0.06925632798227643 0.0883411864579462 24.93
0.07578090374458246 0.09078621179407076 24.9
0.06866293539935397 0.08316028098390293 24.91
0.07059070142121282 0.0858362096379528 24.91
0.06876363511956896 0.08050203909835085 24.92
0.06904640940773743 0.08824119939636377 24.9
0.07132651401731249 0.08625235451065705 24.92
0.07189982104034354 0.08116978806837039 24.96
0.0694207981592938 0.08216639086940902 24.93
0.0691330109059538 0.08497372560529115 24.92
0.07119570406555309 0.0871338927942511 24.91
0.07130178161680878 0.08863865011877181 24.94
0.07008201811849657 0.09524594024714461 24.93
0.07029967249137203 0.08359130741874354 24.91
0.07275281132377698 0.08587436632484069 24.92
0.06676345006156226 0.08229813264928043 24.89
0.07044572675047112 0.08869685064229882 24.93
0.06779161298262826 0.08561276806142981 24.95
0.0700534484893508 0.08880241606494854 24.96
0.07050497183314408 0.08269094724507486 24.93
0.06847476902113869 0.08733725375595569 24.96
0.07128124373542877 0.08163584474232677 24.93
0.07191499718322414 0.08787740067083716 24.9
0.07006668013552098 0.08880149156544814 24.9
0.07178506074324364 0.08831667472087656 24.93
0.07049940255644505 0.08664264228437968 24.93
0.07093702730186646 0.08023905740769355 24.93
0.07019853554414779 0.0864806975822251 24.93
0.07134052722971651 0.08300298404861806 24.94
0.07110334787671124 0.09087563883008853 24.89
0.07282715978140464 0.08305818581764468 24.91
0.07074632513096846 0.08710689448461661 24.91
0.06960210729797334 0.08766499878076583 24.93
0.06972983561731017 0.08490636641569649 24.9
0.06922540298966462 0.08990877266553965 24.91
0.07087473244724929 0.08527594922702175 24.94
0.06770687713477441 0.08555056512063797 24.9
0.06619734197505456 0.08665358309045201 24.92
0.06734794513058384 0.09291992213096067 24.94
0.066169478960033 0.08217142938744759 24.93
0.06902277175145344 0.08460784085685935 24.93
0.06910027360884419 0.08439067246314269 24.92
0.06648549313615348 0.09818929817779531 24.87
0.06839097196874122 0.09100207393418314 24.97
0.07010444775227131 0.08908467107994322 24.92
0.0694934997883756 0.08638222538876761 24.94
0.0664384565808186 0.08618142553169517 24.94
0.06570933105585541 0.08877402847970128 24.91
0.06710807968295318 0.08792247340888903 24.91
0.06651150632308866 0.09175002491446937 24.89
0.06454021418647438 0.0847652192054249 24.89
0.06913189176342882 0.08629902398053768 24.92
0.06924724841588314 0.0872197307741136 24.93
0.07045554517219255 0.08553950175419456 24.91
0.07230067500223869 0.08356440463980319 24.91
0.06866931366779694 0.0832928530370245 24.96
0.06816102269002489 0.08883790625351451 24.9
0.07091977294412255 0.08834652421983147 24.92
0.06925483643344921 0.08593334268630781 24.92
0.07155855203229067 0.08938326083366122 24.9
0.07259373239519751 0.08722093701490163 24.88
0.07156865510255439 0.08499537620913211 24.9
0.07579805900699099 0.08664746388138878 24.92
0.07187058987660389 0.08656960740205577 24.9
0.07279064475112207 0.08723197007456807 24.89
0.07277180435254682 0.08696213499812089 24.92
0.0759004570939088 0.08098475039203834 24.94
0.0720872415671231 0.07732380322427379 24.97
0.07152966535453631 0.08943087358178414 24.93
0.07396979609005716 0.08494094554671672 24.93
0.0766899759123757 0.08576973909603336 24.91
0.07051709721893507 0.08436059641339388 24.95
