0.047588558577683626 0.08191216480750996 24.97
0.047588558577683626 0.08313733941604473 24.98
0.04812689647396784 0.08062809095374657 24.96
0.057222492544930836 0.09221867793797711 24.97
0.04691145258227525 0.08355001005637941 24.97
0.04691145258227525 0.08552899372004474 24.98
0.04828177485485241 0.09097783650526237 24.95
0.04828177485485241 0.09054777360001098 24.96
0.06015533310555066 0.09080603393895725 24.95
0.04935333353598492 0.08413670950259278 24.94
0.049618726989475004 0.0855860865508502 24.98
0.05846536277781533 0.08858577068441464 24.97
0.047928912709222726 0.08194874603250346 24.94
0.0581504642687094 0.10052286938532573 24.97
0.04792934036886509 0.08550620159287547 24.96
0.04792934036886509 0.0811216274869373 24.99
0.049635088543954375 0.08639856035004112 24.93
0.05437373880643803 0.09116252123090907 24.95
0.04802207154714222 0.08208262762504337 24.95
0.04802207154714222 0.08316036247632452 24.96
0.05092444268963858 0.07109614912241913 24.96
0.050924442689638694 0.07105178958528047 24.92
0.04995550424110928 0.06705783855828618 24.94
0.04995550424110928 0.06964535291755791 24.93
0.048657265015886964 0.06916425156739825 24.96
0.048657265015886964 0.06619149726264473 24.94
0.049354332046852245 0.06971293486793229 24.95
0.049354332046852245 0.06814871047486493 24.95
0.04880358104396432 0.07040128576872562 24.94
0.04880358104396432 0.06995860937220788 24.95
0.0478948991860082 0.06605679755543636 24.96
0.0478948991860082 0.07013671518359654 24.95
0.04745034085452926 0.06931373681742359 24.95
0.04745034085452948 0.06799018339813301 24.98
0.048802013723129645 0.06753450963232022 24.97
0.048802013723129645 0.06768372697349878 24.98
0.04817047964570198 0.0688379411184532 24.97
0.04817047964570198 0.06730026239524334 24.94
0.05015042631605526 0.06491610332686049 24.96
0.05015042631605526 0.06602068262331628 24.97
0.03759633234594739 0.0599823050899303 24.99
0.03759633234594739 0.06679930337366513 24.97
0.03870370864023154 0.0672891300906765 24.98
0.03870370864023154 0.06818854651972084 24.98
0.03967489012808978 0.07024052063983377 24.97
0.03967489012808978 0.06444744321787288 24.98
0.03993348578296463 0.0632734691591963 24.94
0.03993348578296463 0.06498244721069657 24.96
0.038892982131105036 0.06346051911866613 24.97
0.038892982131105036 0.06380256492752057 24.98
0.03971760905878852 0.06138239242247823 24.97
0.03971760905878852 0.06529120743632466 24.97
0.03950416395653522 0.06608040782113822 24.96
0.03950416395653522 0.06711328118914106 24.97
0.039229308559160625 0.06507391650788019 24.97
0.039229308559160625 0.06835113315434882 24.97
0.038513612213312176 0.06559916171557234 24.98
0.038513612213312176 0.0660224180269543 24.97
0.039299606048951 0.06237358253250236 24.96
0.039299606048951 0.0633924919169977 24.96
0.035016285144643056 0.06284580298390363 24.95
0.035016285144643056 0.062184391032058195 24.97
0.03769612980085002 0.056569215692644725 24.99
0.03769612980085002 0.05752544172162255 24.99
0.03427311525322718 0.05982298209702408 24.96
0.03427311525322718 0.05844304740568773 24.97
0.03635993442689778 0.059808019142337465 24.97
0.03635993442689778 0.06205491392552731 24.98
0.03526436602865912 0.05943329569166178 24.98
0.03526436602865912 0.05826980673906601 24.98
0.03693073074255637 0.05958681897965756 24.95
0.03693073074255637 0.05934771179836007 24.97
0.035312828046521694 0.059913501349550646 24.95
0.035312828046521694 0.06163114723971563 24.96
0.03653595079743699 0.05776960783745633 24.97
0.03653595079743699 0.058317963683173324 24.97
0.03707829064504731 0.06089270946051917 24.91
0.03707829064504731 0.06268209250357426 24.95
0.036578084025853275 0.06014021188831653 24.98
0.036578084025853275 0.05640587906566297 24.99
0.03672922169849191 0.06192269626036373 24.96
0.03672922169849191 0.0599934619993745 24.96
0.03656463035672142 0.05539665987599851 24.95
0.03656463035672142 0.055278196933621904 24.96
0.037147237510847475 0.06049534715839855 24.92
0.037147237510847475 0.05811041013348406 24.94
0.039178890298335434 0.05932824187990415 24.97
0.039178890298335434 0.057269880673191165 24.98
0.036107066656465014 0.056821812968823604 24.94
0.036107066656465014 0.059225765852072954 24.9
0.037553835119569445 0.062276492701569874 24.95
0.037553835119569445 0.060262494671474376 24.94
0.03701646970152961 0.05544030746743689 24.95
0.03701646970152961 0.05539857831008643 24.96
0.03731971160764458 0.06042913934186278 24.98
0.03731971160764458 0.058311618610595306 24.96
0.037357487240813225 0.054905176741738004 24.95
0.037357487240813225 0.05528247302527234 24.96
0.038404729728159004 0.05931924719036974 24.97
0.038404729728159004 0.058666016843392677 24.96
0.03728878713242889 0.0505148871293577 24.96
0.03728878713242889 0.049530124019177224 24.96
0.03756404851867612 0.04637680804315536 24.94
0.03756404851867612 0.047114318366621055 24.96
0.0361383730267566 0.053446640609326246 24.94
0.0361383730267566 0.05040409903549692 24.95
0.036232927586357655 0.04917859867156593 24.97
0.036232927586357655 0.049258107753829106 24.99
0.03631493881433523 0.0497369532549744 24.96
0.03631493881433523 0.04890172895994549 24.96
0.03667100211176122 0.05044409695684049 24.97
0.03667100211176122 0.04820385685656392 24.98
0.03557157857188942 0.04880821451146333 24.96
0.03557157857188942 0.04725148301699189 24.97
0.03834506666816406 0.050755874074594365 24.95
0.03834506666816406 0.04991131517586023 24.95
0.03729272917381654 0.05226641095961271 24.98
0.03729272917381665 0.051878673458734315 24.98
0.037386249374861236 0.05120551761400238 24.97
0.037386249374861236 0.04992348395381574 24.96
0.03841323221396453 0.05763681897335571 24.97
0.03727588143561977 0.05209170015790543 24.96
0.036676967193255194 0.05842943197721229 24.96
0.03767640278582318 0.050583271741743485 24.97
0.03800551566817689 0.055698529435937005 24.94
0.03676907786390837 0.05261149494621886 24.97
0.03909772991204774 0.05204480536635159 24.95
0.039071740083954865 0.053301803642113676 24.97
0.03832595485545054 0.05981514599713289 24.94
0.03823904664148925 0.05157677086566281 24.96
0.03685579575592901 0.0544018564378298 24.94
0.046593519551753726 0.06714423990550411 24.96
0.04251764530238833 0.055685148169674514 24.85
0.036419325829707194 0.05096173864042852 24.97
0.04722785503797622 0.06985594912385684 24.91
0.03775074355017749 0.05217412129426957 24.97
0.03635059502912119 0.054900161121069546 24.95
0.03648690949782063 0.05018993364313251 24.99
0.038449416526188274 0.05610644142018695 24.92
0.03894154275715633 0.05186588465294628 24.95
0.0392711213901461 0.05682951802542091 24.96
0.04088642091762007 0.04916057397555651 24.99
0.03687452209358422 0.05481429108470748 24.97
0.03805134167921154 0.051714238668663315 24.96
0.04980614400334327 0.07239497015095642 24.91
0.03755991183980678 0.053113729605161364 24.98
0.0369548510568114 0.05042983787925859 24.96
0.03766835629850518 0.05413473742872554 24.97
0.037691510146609875 0.054052001674330774 24.97
0.038371658329171665 0.05082375350268775 24.98
0.05390391363841618 0.07962864080407206 24.88
0.04065847015640911 0.05174795624351913 24.98
0.03696520549652238 0.053405681322898024 24.97
0.03630482454850725 0.05193924860277943 24.98
0.03657180382347347 0.05153647302102504 24.96
0.03725925495518956 0.05525824470600926 24.99
0.03506052254700687 0.05606381830947382 24.96
0.036299538737426085 0.048434299832914585 24.96
0.037272937545866025 0.057036915111133735 24.95
0.0377574983320913 0.053051685537709115 24.97
0.03648893235000683 0.05060729960476573 24.98
0.043980602501032084 0.05681422312684825 24.93
0.04304480890165718 0.05389245501383755 24.96
0.04230986081304433 0.05319311538811888 24.96
0.04026396949315181 0.054463241027841836 24.96
0.041347195367510525 0.05404839216780133 24.97
0.03577249417087269 0.05485630400637442 24.96
0.037567855229148295 0.05354211508347262 24.96
0.03929250608492185 0.05157114803763985 24.97
0.04075466324490806 0.051900491556707395 24.98
0.04632439530947452 0.06081446171857807 24.95
0.041068776987610245 0.0487742575023552 24.97
0.03739201961688676 0.0492940372943278 24.96
0.042423825314530594 0.05639436930417829 24.94
0.04260864173387202 0.053849556707656676 24.97
0.037153318141975644 0.05155941711733336 24.97
0.03979608945064539 0.04960806662934969 24.95
0.03539595513409788 0.05153887500537924 24.98
0.03926151687812762 0.049802307506901955 24.96
0.03718618395031881 0.05030890907516228 24.98
0.04726529783283173 0.05992186799616506 24.91
0.03434696450438235 0.05102338854880328 24.96
0.036310710438536065 0.05518030279951358 24.96
0.035150029190916476 0.0547473876235397 24.95
0.03611277909992994 0.051621612044476684 24.95
0.03635588264974532 0.05484177012149938 24.94
0.035337083419828885 0.04945797313631328 24.98
0.03524375807965596 0.050001512314321706 24.97
0.03481782617774187 0.053219330004708465 24.96
0.03596729596313797 0.05235810629797466 24.94
0.03484044870855163 0.05298344382754894 24.98
0.03516420412708843 0.05224140012498868 24.96
0.03514276108499137 0.05150957362955377 24.97
0.03452097969202572 0.05496281120487889 24.96
0.036267069395814144 0.05109996656045779 24.97
0.0352935246625945 0.05046722850684349 24.98
0.03451244873026882 0.05369039658184971 24.97
0.03500306156237332 0.052084571293751436 24.97
0.03536830544809699 0.05011092133695716 24.97
0.036378722009055786 0.05151875149837182 24.98
