0.05938306958992212 0.07351292066385784 24.95
0.05784028486565118 0.07055981555645563 24.98
0.054087601075133884 0.08454777657337242 24.97
0.06122259670826413 0.07199632495595598 24.97
0.055390963606420374 0.07945682932318487 24.97
0.06302566204542215 0.07469777018247359 24.97
0.05502664247736888 0.0824619942766478 24.96
0.06128549389801419 0.07106711228263629 24.98
0.05485491643367724 0.08081090372356758 24.95
0.05864794232869375 0.07450500049760578 24.95
0.05134672782768335 0.06944196711032236 24.95
0.04836790361207288 0.07327263588879929 24.97
0.051246145506807506 0.07527082299455656 24.97
0.04883937517293446 0.07798798482574698 24.95
0.049975641062193765 0.0757525245744105 24.93
0.04949965658553923 0.07309492412481544 24.97
0.04936706348591546 0.07215825731320269 24.97
0.04993810759888273 0.07609513353835073 24.95
0.04985163936946013 0.07463975894717478 24.96
0.05028780726407167 0.06612593518216814 24.95
0.04588317288010213 0.06436289180866328 24.97
0.04232848707325432 0.06509198232239621 24.97
0.0453236084943911 0.06617990527223794 24.97
0.04290012457886572 0.0635242047744572 24.95
0.04686811759381104 0.06728679780247349 24.96
0.04708306040210797 0.06396258768458951 24.91
0.04253817546864713 0.06789108563174284 24.98
0.04354715795846886 0.06737063411428901 24.97
0.04341107238046338 0.0682152768386034 25.0
0.042143565683775974 0.06763546676283338 24.98
0.0438721510958634 0.06367420411088243 24.92
0.044210981168167796 0.05947713480016514 24.97
0.04365246489071106 0.059356305754840966 24.94
0.045425294333489075 0.058875981824142776 24.98
0.04352407607460662 0.05953982572963723 24.98
0.0415922520483889 0.05823302677076103 24.95
0.044969516048361524 0.06015458755564784 24.96
0.04502890106398605 0.058715352735519755 24.95
0.04390395984246742 0.05974455942972634 24.97
0.04355257218831998 0.06069377068161641 24.96
0.038804156938837764 0.059587439985433255 24.93
0.040268049520496896 0.05865618999069444 24.97
0.03845409168000258 0.058997027319234174 24.91
0.041219572697875906 0.05864096597991719 24.93
0.04343799257622427 0.061814533924920645 24.95
0.04075107428776681 0.060197560693999286 24.98
0.04093969368025352 0.0630547883212772 24.95
0.039082633764284336 0.06189817219267146 24.95
0.040177519674737705 0.061469788491864574 24.95
0.0437536807447505 0.06348532158407805 24.93
0.03549016265062521 0.06482478395459723 24.97
0.03953831353014026 0.06504081199171063 24.97
0.037982676764418244 0.06265760758370031 24.96
0.03518167929840754 0.06532044792489089 24.95
0.039688858786683046 0.06838839195603796 24.94
0.03804162519962728 0.0671902767985233 24.97
0.04177593620035025 0.06525479184603822 24.96
0.03468136352568418 0.0645794471969503 24.96
0.04669960389631056 0.0637131716287217 24.96
0.050200874642545745 0.06777372064113873 24.97
0.041280711456366914 0.059073722355965974 24.95
0.03790440869801348 0.0612553900864643 24.95
0.04245163157607523 0.06005072504564268 24.95
0.04174822757876284 0.06138023474310994 24.94
0.04278281914145188 0.058324892055152566 24.96
0.04013714581315364 0.05831716513348506 24.96
0.037271360839542744 0.0638561530794064 24.98
0.03959856524675365 0.05995371174694564 24.94
0.04232428602028593 0.061131211140866615 24.94
0.039730553058356155 0.06182239210651019 24.91
0.03532307780412636 0.06730160215689696 24.91
0.03812243225527168 0.06327452407306111 24.9
0.03674064964971735 0.06284726360907311 24.96
0.03543222121925216 0.06152829295252937 24.98
0.03630844459731297 0.06599966148847936 24.89
0.03593624777961035 0.060919430672179864 24.97
0.035634845893104505 0.05896856916486792 24.96
0.03564941878334116 0.06344089742332126 24.94
0.04057765055314011 0.06943046214832493 24.94
0.035064724299111005 0.06841639326003657 24.92
0.02920565751196913 0.06261637539155973 24.97
0.02984227977640197 0.055251914027422355 24.97
0.0303199637345114 0.061651386862325075 24.96
0.033288711709358654 0.06130873681214044 24.97
0.03304034842112358 0.062360188109506165 24.92
0.029277714881820627 0.05700601936024541 24.96
0.033174532746824026 0.060058917434402836 24.97
0.02997571314875358 0.0580045706576936 24.98
0.029981951690052133 0.05703854301763445 24.97
0.031108432959973786 0.06111741691778705 24.97
0.0286560772602118 0.05779791693883429 24.95
0.028038487463028505 0.06366691446074302 24.93
0.02882786791060743 0.060640197676283925 24.95
0.02970168007943985 0.057979135205907584 24.95
0.028819650850611 0.061012654768851426 24.95
0.028739735795465404 0.06109096869072206 24.95
0.028438510318025245 0.06093980266897181 24.96
0.030768888290229057 0.05846597804543163 24.95
0.02783687133018997 0.05965247330826218 24.94
0.02959963564063084 0.06278604992475545 24.92
