4.856015986890560576e-02 6.910052101861730023e-02 0.000000000000000000e+00
4.338906829111777164e-02 6.948055293921362452e-02 0.000000000000000000e+00
4.227063554725563055e-02 7.541102637967411759e-02 0.000000000000000000e+00
4.098297201473855011e-02 7.866777506091948702e-02 0.000000000000000000e+00
5.527214672023106345e-02 7.238181370458440789e-02 0.000000000000000000e+00
5.968029500957094946e-02 6.948132862938061205e-02 0.000000000000000000e+00
5.035888376987851522e-02 7.500192950208328657e-02 0.000000000000000000e+00
4.657765920724421527e-02 7.841720452361966576e-02 0.000000000000000000e+00
4.915733260222976408e-02 7.832418838134924677e-02 0.000000000000000000e+00
4.643398960767886052e-02 9.727344101240864571e-02 0.000000000000000000e+00
4.828690570058957743e-02 9.607606641106136713e-02 0.000000000000000000e+00
5.421581086730320465e-02 7.804629565647935863e-02 0.000000000000000000e+00
4.098297201473855011e-02 7.866777506091948702e-02 0.000000000000000000e+00
4.657765920724421527e-02 7.841720452361966576e-02 0.000000000000000000e+00
4.915733260222976408e-02 7.832418838134924677e-02 0.000000000000000000e+00
5.654811058828101977e-02 8.136359978634222223e-02 0.000000000000000000e+00
5.619796005774480019e-02 8.247213015668308778e-02 0.000000000000000000e+00
5.035888376987851522e-02 7.500192950208328657e-02 0.000000000000000000e+00
5.527214672023106345e-02 7.238181370458440789e-02 0.000000000000000000e+00
4.338906829111777164e-02 6.948055293921362452e-02 0.000000000000000000e+00
4.227063554725563055e-02 7.541102637967411759e-02 0.000000000000000000e+00
4.098297201473855011e-02 7.866777506091948702e-02 0.000000000000000000e+00
4.247673963502207606e-02 6.406928474535722451e-02 0.000000000000000000e+00
4.728515380047915162e-02 6.259137095929823147e-02 0.000000000000000000e+00
4.572518302190897721e-02 6.266007229495651476e-02 0.000000000000000000e+00
4.338906829111777164e-02 6.948055293921362452e-02 0.000000000000000000e+00
5.281550011779678755e-02 6.427592920559932477e-02 0.000000000000000000e+00
4.984640156790032250e-02 6.659643776773493951e-02 0.000000000000000000e+00
4.773505796262278444e-02 6.713567839733991516e-02 0.000000000000000000e+00
5.091306952424934362e-02 6.555823094297674736e-02 0.000000000000000000e+00
4.553900265153532079e-02 7.208951990672773924e-02 0.000000000000000000e+00
5.016964235983800702e-02 7.678887359467112539e-02 0.000000000000000000e+00
4.098297201473855011e-02 7.866777506091948702e-02 0.000000000000000000e+00
4.561248889154645436e-02 9.307242980767616025e-02 0.000000000000000000e+00
4.556144858905675221e-02 7.852666646122230532e-02 0.000000000000000000e+00
4.857642711771892330e-02 7.690283837606470829e-02 0.000000000000000000e+00
4.984640156790032250e-02 6.659643776773493951e-02 0.000000000000000000e+00
5.091306952424934362e-02 6.555823094297674736e-02 0.000000000000000000e+00
5.281550011779678755e-02 6.427592920559932477e-02 0.000000000000000000e+00
4.219395841233430922e-02 8.594855284686619967e-02 0.000000000000000000e+00
3.941796124445917648e-02 4.991907069200929303e-02 0.000000000000000000e+00
3.413946219692864936e-02 5.298371864593831582e-02 0.000000000000000000e+00
3.962457792033247106e-02 5.299433322268676250e-02 0.000000000000000000e+00
3.557920119372182111e-02 5.783617173945887480e-02 0.000000000000000000e+00
3.697785057558089505e-02 5.549038053875210430e-02 0.000000000000000000e+00
3.449432340987390599e-02 6.518011843091853219e-02 0.000000000000000000e+00
4.024685943693273593e-02 5.355892306861598229e-02 0.000000000000000000e+00
3.731503329486929310e-02 6.180123497049661019e-02 0.000000000000000000e+00
3.950620312464514505e-02 5.846264348319218929e-02 0.000000000000000000e+00
3.599712271689381460e-02 6.625898664442575470e-02 0.000000000000000000e+00
4.044847212393798408e-02 5.917287854162756044e-02 0.000000000000000000e+00
4.380194385621383191e-02 5.786747211013754111e-02 0.000000000000000000e+00
3.731503329486929310e-02 6.180123497049661019e-02 0.000000000000000000e+00
4.457221479628881156e-02 6.098428323957560959e-02 0.000000000000000000e+00
4.484689093260652015e-02 5.986846552672575594e-02 0.000000000000000000e+00
4.678416967426080042e-02 6.196038429470573927e-02 0.000000000000000000e+00
3.941796124445917648e-02 4.991907069200929303e-02 0.000000000000000000e+00
3.413946219692864936e-02 5.298371864593831582e-02 0.000000000000000000e+00
3.557920119372182111e-02 5.783617173945887480e-02 0.000000000000000000e+00
3.909845731555794401e-02 6.467310093080058664e-02 0.000000000000000000e+00
3.413946219692864936e-02 5.298371864593831582e-02 0.000000000000000000e+00
3.178762184841943395e-02 5.369213283424156824e-02 0.000000000000000000e+00
3.656989423903544978e-02 4.715831830309691330e-02 0.000000000000000000e+00
4.314819037679318292e-02 4.485945306929828291e-02 0.000000000000000000e+00
3.574834771093460262e-02 4.913831560480974581e-02 0.000000000000000000e+00
3.423986587753979904e-02 5.082733089768542989e-02 0.000000000000000000e+00
3.352204268805647480e-02 5.452760145261625890e-02 0.000000000000000000e+00
3.781965382869711956e-02 4.740142384217915783e-02 0.000000000000000000e+00
5.318526418884506057e-02 4.660732385499533059e-02 0.000000000000000000e+00
3.726467730351612495e-02 5.095413853814889649e-02 0.000000000000000000e+00
3.941796124445917648e-02 4.991907069200929303e-02 0.000000000000000000e+00
3.178762184841943395e-02 5.369213283424156824e-02 0.000000000000000000e+00
3.352204268805647480e-02 5.452760145261625890e-02 0.000000000000000000e+00
3.464386374194994289e-02 5.514249556675865360e-02 0.000000000000000000e+00
3.423986587753979904e-02 5.082733089768542989e-02 0.000000000000000000e+00
3.956860459338162883e-02 5.188617358355585019e-02 0.000000000000000000e+00
4.209067196933635735e-02 5.288219918460335123e-02 0.000000000000000000e+00
4.314819037679318292e-02 4.485945306929828291e-02 0.000000000000000000e+00
3.230074140432126484e-02 5.718197057335472344e-02 0.000000000000000000e+00
3.353107049605374979e-02 5.655330908824551805e-02 0.000000000000000000e+00
3.154043223791425099e-02 4.527617457639387943e-02 0.000000000000000000e+00
3.220419627733606127e-02 4.480080828318544484e-02 0.000000000000000000e+00
3.729536085667317646e-02 3.989333609132528213e-02 0.000000000000000000e+00
3.533961298219667757e-02 4.376096170961363274e-02 0.000000000000000000e+00
3.058227613423825098e-02 5.497808351466537680e-02 0.000000000000000000e+00
3.599868249593041192e-02 4.262137128611254155e-02 0.000000000000000000e+00
3.367431206122406540e-02 4.689745974319114996e-02 0.000000000000000000e+00
3.394767650169894235e-02 4.519788064527419102e-02 0.000000000000000000e+00
3.740758158854118332e-02 4.092089950326127656e-02 0.000000000000000000e+00
3.603072711355714830e-02 4.393240313118673690e-02 0.000000000000000000e+00
3.648603753388235393e-02 4.899272545647226362e-02 0.000000000000000000e+00
3.058227613423825098e-02 5.497808351466537680e-02 0.000000000000000000e+00
3.154043223791425099e-02 4.527617457639387943e-02 0.000000000000000000e+00
3.314043852101489218e-02 4.769882007441528238e-02 0.000000000000000000e+00
3.962034097907218833e-02 5.044759459846270833e-02 0.000000000000000000e+00
4.038800135583520134e-02 5.057280229447136399e-02 0.000000000000000000e+00
3.599868249593041192e-02 4.262137128611254155e-02 0.000000000000000000e+00
3.740758158854118332e-02 4.092089950326127656e-02 0.000000000000000000e+00
3.729536085667317646e-02 3.989333609132528213e-02 0.000000000000000000e+00
3.359594344172089908e-02 5.504810721145614316e-02 0.000000000000000000e+00
3.154043223791425099e-02 4.527617457639387943e-02 0.000000000000000000e+00
3.220419627733606127e-02 4.480080828318544484e-02 0.000000000000000000e+00
3.058227613423825098e-02 5.497808351466537680e-02 0.000000000000000000e+00
3.810004714355930133e-02 3.776117162891079460e-02 0.000000000000000000e+00
3.664278728944658781e-02 3.957917531421717428e-02 0.000000000000000000e+00
3.344218849433622243e-02 3.997666186837955937e-02 0.000000000000000000e+00
3.226699865109394771e-02 4.073256143269188279e-02 0.000000000000000000e+00
3.729536085667317646e-02 3.989333609132528213e-02 0.000000000000000000e+00
3.504365566337297455e-02 4.238571901666110531e-02 0.000000000000000000e+00
3.454317887410629506e-02 4.285847158305955418e-02 0.000000000000000000e+00
3.740758158854118332e-02 4.092089950326127656e-02 0.000000000000000000e+00
3.058227613423825098e-02 5.497808351466537680e-02 0.000000000000000000e+00
3.154043223791425099e-02 4.527617457639387943e-02 0.000000000000000000e+00
3.291302061650713817e-02 4.488869623171232170e-02 0.000000000000000000e+00
3.226699865109394771e-02 4.073256143269188279e-02 0.000000000000000000e+00
3.344218849433622243e-02 3.997666186837955937e-02 0.000000000000000000e+00
3.810004714355930133e-02 3.776117162891079460e-02 0.000000000000000000e+00
3.554444289101876819e-02 6.895504178811273643e-02 0.000000000000000000e+00
3.568629168657633244e-02 7.869089855030642067e-02 0.000000000000000000e+00
3.317998468529059775e-02 4.570220904512667381e-02 0.000000000000000000e+00
3.220419627733606127e-02 4.480080828318544484e-02 0.000000000000000000e+00
3.226699865109394771e-02 4.073256143269188279e-02 0.000000000000000000e+00
3.089550971948240576e-02 4.927262875437210532e-02 0.000000000000000000e+00
3.260495875314328718e-02 3.931915612525327397e-02 0.000000000000000000e+00
3.096029327673299747e-02 4.625297249684745537e-02 0.000000000000000000e+00
3.454317887410629506e-02 4.285847158305955418e-02 0.000000000000000000e+00
3.345674776849560939e-02 4.338715455624075901e-02 0.000000000000000000e+00
3.562615442407057742e-02 4.236053623823055059e-02 0.000000000000000000e+00
3.760769722487977695e-02 4.041697489778783847e-02 0.000000000000000000e+00
3.255828725645315558e-02 4.702691224066080089e-02 0.000000000000000000e+00
3.273227031469683190e-02 4.349247020830993016e-02 0.000000000000000000e+00
3.457468779858241525e-02 4.414844652925553614e-02 0.000000000000000000e+00
3.777249688217376722e-02 4.237644098795478875e-02 0.000000000000000000e+00
3.444740095836884564e-02 5.042049521524061273e-02 0.000000000000000000e+00
3.418751847096290764e-02 5.088575766321112859e-02 0.000000000000000000e+00
3.413442209890349410e-02 4.527333228800123344e-02 0.000000000000000000e+00
3.471547018163456677e-02 4.438157499950678986e-02 0.000000000000000000e+00
3.520466884230111226e-02 4.499432140279180370e-02 0.000000000000000000e+00
3.963341786232121855e-02 4.457727434232783281e-02 0.000000000000000000e+00
3.760769722487977695e-02 4.041697489778783847e-02 0.000000000000000000e+00
3.220419627733606127e-02 4.480080828318544484e-02 0.000000000000000000e+00
3.226699865109394771e-02 4.073256143269188279e-02 0.000000000000000000e+00
3.096029327673299747e-02 4.625297249684745537e-02 0.000000000000000000e+00
3.682108324209276695e-02 3.965686662308287591e-02 0.000000000000000000e+00
3.345674776849560939e-02 4.338715455624075901e-02 0.000000000000000000e+00
3.562615442407057742e-02 4.236053623823055059e-02 0.000000000000000000e+00
3.431098615919248029e-02 4.312436852216183780e-02 0.000000000000000000e+00
3.434066222587239814e-02 4.291367999564954516e-02 0.000000000000000000e+00
3.334895624980815931e-02 4.416932811476426135e-02 0.000000000000000000e+00
3.776756583188567440e-02 4.009100495641304551e-02 0.000000000000000000e+00
3.674656846309043434e-02 4.250139647317718872e-02 0.000000000000000000e+00
3.849126801782154494e-02 4.197823040971149222e-02 0.000000000000000000e+00
3.321195912460850330e-02 5.123683524205535633e-02 0.000000000000000000e+00
3.429355415581736288e-02 4.463598722023043308e-02 0.000000000000000000e+00
3.748173351521533192e-02 4.359694739122077500e-02 0.000000000000000000e+00
3.777249688217376722e-02 4.237644098795478875e-02 0.000000000000000000e+00
3.892113314981882066e-02 4.333764010120566557e-02 0.000000000000000000e+00
3.776756583188567440e-02 4.009100495641304551e-02 0.000000000000000000e+00
3.682108324209276695e-02 3.965686662308287591e-02 0.000000000000000000e+00
3.324730694728028624e-02 5.141013863514609650e-02 0.000000000000000000e+00
3.096029327673299747e-02 4.625297249684745537e-02 0.000000000000000000e+00
3.839565720725468534e-02 3.766105705206368448e-02 0.000000000000000000e+00
3.168962899335492356e-02 3.956045273773445281e-02 0.000000000000000000e+00
3.220419627733606127e-02 4.480080828318544484e-02 0.000000000000000000e+00
3.682108324209276695e-02 3.965686662308287591e-02 0.000000000000000000e+00
3.562615442407057742e-02 4.236053623823055059e-02 0.000000000000000000e+00
3.334895624980815931e-02 4.416932811476426135e-02 0.000000000000000000e+00
3.386612549742085143e-02 4.270859329486120792e-02 0.000000000000000000e+00
3.616054711600180660e-02 4.142237770452195100e-02 0.000000000000000000e+00
3.809494427140303063e-02 4.012608041358523003e-02 0.000000000000000000e+00
3.849126801782154494e-02 4.197823040971149222e-02 0.000000000000000000e+00
3.115761717064147174e-02 4.678454199181703022e-02 0.000000000000000000e+00
3.215420865035378828e-02 4.817580202583626736e-02 0.000000000000000000e+00
3.407809250730908790e-02 4.377251454135300257e-02 0.000000000000000000e+00
3.899135717837209913e-02 4.647609334596691788e-02 0.000000000000000000e+00
3.616054711600180660e-02 4.142237770452195100e-02 0.000000000000000000e+00
3.839565720725468534e-02 3.766105705206368448e-02 0.000000000000000000e+00
3.128716489029714776e-02 5.770338778641881383e-02 0.000000000000000000e+00
3.143335875948827240e-02 4.876767534712378449e-02 0.000000000000000000e+00
3.801036594312778849e-02 5.148044016070529860e-02 0.000000000000000000e+00
3.096029327673299747e-02 4.625297249684745537e-02 0.000000000000000000e+00
3.168962899335492356e-02 3.956045273773445281e-02 0.000000000000000000e+00
3.536498524426734402e-02 3.653100263875663778e-02 0.000000000000000000e+00
3.261395322578108935e-02 3.779703657098032465e-02 0.000000000000000000e+00
3.839565720725468534e-02 3.766105705206368448e-02 0.000000000000000000e+00
3.378939009846360086e-02 4.043482416101407129e-02 0.000000000000000000e+00
3.298779073721502808e-02 4.419625244582847667e-02 0.000000000000000000e+00
3.414720774888235777e-02 3.801524676611633957e-02 0.000000000000000000e+00
3.326239475221692832e-02 4.169080980999573249e-02 0.000000000000000000e+00
3.345631481535649154e-02 4.081585583014069041e-02 0.000000000000000000e+00
3.115761717064147174e-02 4.678454199181703022e-02 0.000000000000000000e+00
3.237868339148286534e-02 4.530269736953340676e-02 0.000000000000000000e+00
3.335507492623668302e-02 4.421581007706287814e-02 0.000000000000000000e+00
3.378939009846360086e-02 4.043482416101407129e-02 0.000000000000000000e+00
3.261395322578108935e-02 3.779703657098032465e-02 0.000000000000000000e+00
3.414720774888235777e-02 3.801524676611633957e-02 0.000000000000000000e+00
3.839565720725468534e-02 3.766105705206368448e-02 0.000000000000000000e+00
3.536498524426734402e-02 3.653100263875663778e-02 0.000000000000000000e+00
3.168599851589104510e-02 4.731388536089708996e-02 0.000000000000000000e+00
3.168797514436438867e-02 4.858514903459132395e-02 0.000000000000000000e+00
