5.282158471042774917e-02 6.808992664436952502e-02 0.000000000000000000e+00
3.396642288588491709e-02 7.254900408290099190e-02 0.000000000000000000e+00
2.865705675823027043e-02 8.780738999910009390e-02 0.000000000000000000e+00
3.574826057100288779e-02 7.360458428589855551e-02 0.000000000000000000e+00
3.444502521405201634e-02 7.572459578444978856e-02 0.000000000000000000e+00
3.822665187184115521e-02 7.776141031475403143e-02 0.000000000000000000e+00
3.694251370221357522e-02 8.125315584821601878e-02 0.000000000000000000e+00
3.503854712063692034e-02 8.126046491443283948e-02 0.000000000000000000e+00
3.387679273764887533e-02 9.083599145089071847e-02 0.000000000000000000e+00
3.291637116716761291e-02 9.587062650252486939e-02 0.000000000000000000e+00
4.919105166297921272e-02 7.985587381843328725e-02 0.000000000000000000e+00
7.104703054839178744e-02 8.071905500437970282e-02 0.000000000000000000e+00
2.865705675823027043e-02 8.780738999910009390e-02 0.000000000000000000e+00
3.291637116716761291e-02 9.587062650252486939e-02 0.000000000000000000e+00
3.387679273764887533e-02 9.083599145089071847e-02 0.000000000000000000e+00
7.249616048637719246e-02 8.773812297179595099e-02 0.000000000000000000e+00
5.282158471042774917e-02 6.808992664436952502e-02 0.000000000000000000e+00
2.899555736780357051e-02 9.005876110097066345e-02 0.000000000000000000e+00
3.394193727848671127e-02 9.754725854925339057e-02 0.000000000000000000e+00
3.551606286655561995e-02 9.040988275560446485e-02 0.000000000000000000e+00
3.396642288588491709e-02 7.254900408290099190e-02 0.000000000000000000e+00
2.970210435033937557e-02 7.515355584082938911e-02 0.000000000000000000e+00
2.843086606724887222e-02 8.754431629574754847e-02 0.000000000000000000e+00
3.712478384423734123e-02 7.158097164949617230e-02 0.000000000000000000e+00
4.434287592010444090e-02 6.484068617400085000e-02 0.000000000000000000e+00
3.574826057100288779e-02 7.360458428589855551e-02 0.000000000000000000e+00
2.986402679759303513e-02 8.055214451246972551e-02 0.000000000000000000e+00
3.444502521405201634e-02 7.572459578444978856e-02 0.000000000000000000e+00
3.201349322352220472e-02 7.730590493445121947e-02 0.000000000000000000e+00
5.282158471042774917e-02 6.808992664436952502e-02 0.000000000000000000e+00
7.249616048637719246e-02 8.773812297179595099e-02 0.000000000000000000e+00
7.104703054839178744e-02 8.071905500437970282e-02 0.000000000000000000e+00
2.843086606724887222e-02 8.754431629574754847e-02 0.000000000000000000e+00
3.201349322352220472e-02 7.730590493445121947e-02 0.000000000000000000e+00
3.445433431507571864e-02 7.583725731906165723e-02 0.000000000000000000e+00
3.712478384423734123e-02 7.158097164949617230e-02 0.000000000000000000e+00
5.282158471042774917e-02 6.808992664436952502e-02 0.000000000000000000e+00
4.434287592010444090e-02 6.484068617400085000e-02 0.000000000000000000e+00
3.032512627392658366e-02 9.095456166554005684e-02 0.000000000000000000e+00
3.216620780985002259e-02 7.929150114160832263e-02 0.000000000000000000e+00
3.224742224440380056e-02 6.244149928232012314e-02 0.000000000000000000e+00
2.683147268994434675e-02 7.991982142966025382e-02 0.000000000000000000e+00
3.114490054482066395e-02 7.133574647136620150e-02 0.000000000000000000e+00
3.155687571816034875e-02 6.819462270969423034e-02 0.000000000000000000e+00
2.807820954695139370e-02 7.271712393212670378e-02 0.000000000000000000e+00
3.137315739105428491e-02 6.951845818248136855e-02 0.000000000000000000e+00
4.434287592010444090e-02 6.484068617400085000e-02 0.000000000000000000e+00
3.517507539068964739e-02 6.534763742745186565e-02 0.000000000000000000e+00
2.927101784791563688e-02 7.282133281636249400e-02 0.000000000000000000e+00
3.450100046187887237e-02 6.981481247690290992e-02 0.000000000000000000e+00
7.104703054839178744e-02 8.071905500437970282e-02 0.000000000000000000e+00
2.693601715920279638e-02 7.842376597601652399e-02 0.000000000000000000e+00
2.807820954695139370e-02 7.271712393212670378e-02 0.000000000000000000e+00
2.927101784791563688e-02 7.282133281636249400e-02 0.000000000000000000e+00
3.105249851472424716e-02 7.158470048475484848e-02 0.000000000000000000e+00
3.450100046187887237e-02 6.981481247690290992e-02 0.000000000000000000e+00
3.517507539068964739e-02 6.534763742745186565e-02 0.000000000000000000e+00
4.434287592010444090e-02 6.484068617400085000e-02 0.000000000000000000e+00
3.224742224440380056e-02 6.244149928232012314e-02 0.000000000000000000e+00
3.029112097341479792e-02 7.310135945939233437e-02 0.000000000000000000e+00
2.768847803993179646e-02 6.742762800030988046e-02 0.000000000000000000e+00
2.816433774903415177e-02 6.675300955867391473e-02 0.000000000000000000e+00
2.574423411307491527e-02 7.669420413197836073e-02 0.000000000000000000e+00
2.720833602998129486e-02 6.767645056369464562e-02 0.000000000000000000e+00
2.903712205599906504e-02 6.618717781941652056e-02 0.000000000000000000e+00
2.976480936741343619e-02 6.134020130721962172e-02 0.000000000000000000e+00
3.772308938346691232e-02 5.682129767649668484e-02 0.000000000000000000e+00
3.491152129201346987e-02 6.222394710046263988e-02 0.000000000000000000e+00
3.203683229160902979e-02 6.370123033625818554e-02 0.000000000000000000e+00
3.012565098104214023e-02 6.507835300087094765e-02 0.000000000000000000e+00
3.749933151676609899e-02 6.528967199428437063e-02 0.000000000000000000e+00
2.574423411307491527e-02 7.669420413197836073e-02 0.000000000000000000e+00
3.012565098104214023e-02 6.507835300087094765e-02 0.000000000000000000e+00
3.704980329010254536e-02 6.689903189228141311e-02 0.000000000000000000e+00
3.887463103992272462e-02 6.532869813984876206e-02 0.000000000000000000e+00
3.491152129201346987e-02 6.222394710046263988e-02 0.000000000000000000e+00
3.772308938346691232e-02 5.682129767649668484e-02 0.000000000000000000e+00
2.632292745124009681e-02 6.961154149336878927e-02 0.000000000000000000e+00
2.662962567550053450e-02 7.604094430254604298e-02 0.000000000000000000e+00
2.903712205599906504e-02 6.618717781941652056e-02 0.000000000000000000e+00
2.639056640334425108e-02 5.276388389028185966e-02 0.000000000000000000e+00
2.812428018663426510e-02 4.993483286805111554e-02 0.000000000000000000e+00
2.537149256840598444e-02 5.562005993399810055e-02 0.000000000000000000e+00
2.314188786437776368e-02 6.649778846679976763e-02 0.000000000000000000e+00
3.203423425578244554e-02 5.450048157499265411e-02 0.000000000000000000e+00
2.623513706776525733e-02 5.688528506170842380e-02 0.000000000000000000e+00
2.599188352324488527e-02 6.295468681381299891e-02 0.000000000000000000e+00
2.383602254535355236e-02 7.157111554435924283e-02 0.000000000000000000e+00
2.504577873694380230e-02 6.686480334078626075e-02 0.000000000000000000e+00
2.587010164834890880e-02 6.665521970455134948e-02 0.000000000000000000e+00
2.853987376126787545e-02 5.800473795242999664e-02 0.000000000000000000e+00
2.656190436981820113e-02 6.204736630489815497e-02 0.000000000000000000e+00
2.886942391584912393e-02 5.834440406838170556e-02 0.000000000000000000e+00
2.639056640334425108e-02 5.276388389028185966e-02 0.000000000000000000e+00
3.203423425578244554e-02 5.450048157499265411e-02 0.000000000000000000e+00
2.812428018663426510e-02 4.993483286805111554e-02 0.000000000000000000e+00
2.314188786437776368e-02 6.649778846679976763e-02 0.000000000000000000e+00
2.487874478937346368e-02 6.558423447939776274e-02 0.000000000000000000e+00
2.611324429022410243e-02 6.288651279051471477e-02 0.000000000000000000e+00
2.599188352324488527e-02 6.295468681381299891e-02 0.000000000000000000e+00
1.741762428273063712e-02 4.818619242559596394e-02 0.000000000000000000e+00
1.973972333250428868e-02 5.124070970433325378e-02 0.000000000000000000e+00
2.812428018663426510e-02 4.993483286805111554e-02 0.000000000000000000e+00
1.825356728565430409e-02 5.629662630490450681e-02 0.000000000000000000e+00
2.104313800368495802e-02 5.608668554322859823e-02 0.000000000000000000e+00
2.110784423268941001e-02 5.450039472658652073e-02 0.000000000000000000e+00
2.269846832508082279e-02 5.170630535710962761e-02 0.000000000000000000e+00
2.144660688327293396e-02 5.400095461132359276e-02 0.000000000000000000e+00
2.327933875381105189e-02 5.542892153991263449e-02 0.000000000000000000e+00
1.901231035292771931e-02 5.996926211895914349e-02 0.000000000000000000e+00
2.051043676679342731e-02 5.943813196316227732e-02 0.000000000000000000e+00
1.741762428273063712e-02 4.818619242559596394e-02 0.000000000000000000e+00
2.220217947543134951e-02 6.061072890414531678e-02 0.000000000000000000e+00
2.226633147348577868e-02 6.453836950482616519e-02 0.000000000000000000e+00
3.090875663549685903e-02 5.930692897876121972e-02 0.000000000000000000e+00
1.825356728565430409e-02 5.629662630490450681e-02 0.000000000000000000e+00
2.370956523201184218e-02 6.896966973762119757e-02 0.000000000000000000e+00
2.187478395592301617e-02 5.591251708333599968e-02 0.000000000000000000e+00
1.889677149058355266e-02 5.790234376320257947e-02 0.000000000000000000e+00
2.064688351820243017e-02 7.887360250233188541e-02 0.000000000000000000e+00
1.741762428273063712e-02 4.818619242559596394e-02 0.000000000000000000e+00
1.973972333250428868e-02 5.124070970433325378e-02 0.000000000000000000e+00
2.812428018663426510e-02 4.993483286805111554e-02 0.000000000000000000e+00
2.269846832508082279e-02 5.170630535710962761e-02 0.000000000000000000e+00
2.144660688327293396e-02 5.400095461132359276e-02 0.000000000000000000e+00
2.952583173593592569e-02 5.149651023240231495e-02 0.000000000000000000e+00
2.735313265736194488e-02 5.309606455314652695e-02 0.000000000000000000e+00
2.222923986956959475e-02 5.854586493265112601e-02 0.000000000000000000e+00
2.452109899855814401e-02 5.848437501679737416e-02 0.000000000000000000e+00
2.478392124928385787e-02 5.497526673377406414e-02 0.000000000000000000e+00
2.308584829191173693e-02 5.860759405835624936e-02 0.000000000000000000e+00
2.765447127877984634e-02 6.272024627431460608e-02 0.000000000000000000e+00
2.384403886122754557e-02 6.496149455098232384e-02 0.000000000000000000e+00
2.410065881714018587e-02 6.418728517554550539e-02 0.000000000000000000e+00
2.413492512545134527e-02 5.678937687075236163e-02 0.000000000000000000e+00
2.676801903342052036e-02 5.811870856895551274e-02 0.000000000000000000e+00
2.741056501418381863e-02 5.607469792510444417e-02 0.000000000000000000e+00
2.851416687128638383e-02 5.478494185288840246e-02 0.000000000000000000e+00
3.294119422324115476e-02 5.249418554623408451e-02 0.000000000000000000e+00
2.582847595135873142e-02 6.886495441903794923e-02 0.000000000000000000e+00
1.741762428273063712e-02 4.818619242559596394e-02 0.000000000000000000e+00
1.717851182193930182e-02 5.271222878418657665e-02 0.000000000000000000e+00
2.263601913734591964e-02 4.317850939165823743e-02 0.000000000000000000e+00
2.055580882129781628e-02 4.619798974379263345e-02 0.000000000000000000e+00
1.962328634838927943e-02 5.087685420085041876e-02 0.000000000000000000e+00
1.848836657096109004e-02 5.801891049875129713e-02 0.000000000000000000e+00
2.330678618183090745e-02 4.578517785359748071e-02 0.000000000000000000e+00
2.130342042264099511e-02 4.639687871386688478e-02 0.000000000000000000e+00
2.057459207411027613e-02 4.954128110950473118e-02 0.000000000000000000e+00
2.096029604050531070e-02 4.897969746031960447e-02 0.000000000000000000e+00
1.885566704865726528e-02 5.145726944840200989e-02 0.000000000000000000e+00
1.962328634838927943e-02 5.087685420085041876e-02 0.000000000000000000e+00
2.057459207411027613e-02 4.954128110950473118e-02 0.000000000000000000e+00
2.096029604050531070e-02 4.897969746031960447e-02 0.000000000000000000e+00
2.710834022618602290e-02 4.750858612689889959e-02 0.000000000000000000e+00
2.263601913734591964e-02 4.317850939165823743e-02 0.000000000000000000e+00
1.717851182193930182e-02 5.271222878418657665e-02 0.000000000000000000e+00
1.848836657096109004e-02 5.801891049875129713e-02 0.000000000000000000e+00
1.880832112686303681e-02 5.930927631487548091e-02 0.000000000000000000e+00
2.041143902464859217e-02 5.646947035510163637e-02 0.000000000000000000e+00
1.650885310455474375e-02 4.132393939423395501e-02 0.000000000000000000e+00
1.790745612659827568e-02 4.231024496274604640e-02 0.000000000000000000e+00
1.693496023654306182e-02 4.600694883743017272e-02 0.000000000000000000e+00
2.088446770174401390e-02 4.169295235229686369e-02 0.000000000000000000e+00
2.084390670170732651e-02 4.179649901052628902e-02 0.000000000000000000e+00
2.041397436957270717e-02 4.442355822386512276e-02 0.000000000000000000e+00
1.987071369794368714e-02 4.566814247592554388e-02 0.000000000000000000e+00
1.928056726572702217e-02 4.959909484117697165e-02 0.000000000000000000e+00
2.263601913734591964e-02 4.317850939165823743e-02 0.000000000000000000e+00
2.099959142928842226e-02 4.427017815619083141e-02 0.000000000000000000e+00
2.027262866468027003e-02 4.879369689843249258e-02 0.000000000000000000e+00
2.278393066474804218e-02 4.379254123471665316e-02 0.000000000000000000e+00
1.650885310455474375e-02 4.132393939423395501e-02 0.000000000000000000e+00
1.693496023654306182e-02 4.600694883743017272e-02 0.000000000000000000e+00
1.874932184531841184e-02 5.035782667412469493e-02 0.000000000000000000e+00
2.221214168120311250e-02 5.121963834232090562e-02 0.000000000000000000e+00
2.275219607618816919e-02 5.714719733675011071e-02 0.000000000000000000e+00
2.077834632395580972e-02 4.714964606085469967e-02 0.000000000000000000e+00
2.716111422076361581e-02 4.664720236931674258e-02 0.000000000000000000e+00
2.727955324904862699e-02 4.580534566609451019e-02 0.000000000000000000e+00
1.650885310455474375e-02 4.132393939423395501e-02 0.000000000000000000e+00
1.595924983905427919e-02 4.864352246057346285e-02 0.000000000000000000e+00
2.023218932947945525e-02 4.032171663961392483e-02 0.000000000000000000e+00
1.793341546697446720e-02 4.091558256695948526e-02 0.000000000000000000e+00
1.790745612659827568e-02 4.231024496274604640e-02 0.000000000000000000e+00
1.693496023654306182e-02 4.600694883743017272e-02 0.000000000000000000e+00
1.716993891903551006e-02 4.404152649900472394e-02 0.000000000000000000e+00
1.728943391134651897e-02 4.241740062441878845e-02 0.000000000000000000e+00
2.135841648843972429e-02 4.086339747756917440e-02 0.000000000000000000e+00
1.941815563437643277e-02 4.098530189774718391e-02 0.000000000000000000e+00
1.898480741646957348e-02 4.260538725704132723e-02 0.000000000000000000e+00
2.178674102920652444e-02 4.274328260579007832e-02 0.000000000000000000e+00
1.595924983905427919e-02 4.864352246057346285e-02 0.000000000000000000e+00
1.693496023654306182e-02 4.600694883743017272e-02 0.000000000000000000e+00
1.716993891903551006e-02 4.404152649900472394e-02 0.000000000000000000e+00
1.894602336732309489e-02 4.431424155023433453e-02 0.000000000000000000e+00
2.016303680279651900e-02 4.415515710935502547e-02 0.000000000000000000e+00
2.108622843539520453e-02 4.506875112390562599e-02 0.000000000000000000e+00
2.226049676073438288e-02 4.373749968173989977e-02 0.000000000000000000e+00
2.225882388160216330e-02 4.424501970395211536e-02 0.000000000000000000e+00
