0.05182787100044561 0.07380491826357927 24.95
0.05182787100044561 0.07280557360842577 24.96
0.06765863158372742 0.08609890867296444 24.94
0.05245168305657655 0.07573677392143896 24.97
0.052845644912236756 0.07360433060784544 24.96
0.07031261730252936 0.08335419828894164 24.95
0.05468477794844584 0.07913492015487311 24.96
0.05468477794844584 0.07723790106611883 24.96
0.06891907971599753 0.08040128800039559 24.95
0.05218178038647581 0.07299820063030293 24.97
0.0511728068591204 0.07330015517744326 24.95
0.0511728068591204 0.07246138073720032 24.95
0.050391613165441385 0.0751692206556942 24.91
0.050391613165441385 0.075420369758195 24.9
0.05200754183273881 0.07559670013076458 24.94
0.05200754183273881 0.07319307588407464 24.94
0.07091579065702958 0.08618073608880383 24.97
0.07091579065702958 0.08382379490679137 24.97
0.05202175847859036 0.07689839777512086 24.91
0.05202175847859036 0.07730279545932728 24.94
0.0470349687812085 0.07382410840899223 24.96
0.047034968781208275 0.07180925283047956 24.94
0.051764606862736984 0.07435380905955791 24.95
0.04642545806782483 0.07142832532079313 24.97
0.04719887963681857 0.06861164195358427 24.96
0.04719887963681857 0.06841121063455757 24.96
0.04634193672237974 0.07006804718882043 24.95
0.04634193672237974 0.07018340065433393 24.97
0.04858321683223221 0.07418535127618486 24.94
0.05246407859643898 0.07879428896032326 24.91
0.05213077633926688 0.07678870093095724 24.91
0.04773391302517349 0.07228701749245703 24.96
0.05364280936108767 0.07922382015015961 24.88
0.053642809361087895 0.08201765744490652 24.91
0.05351822022465458 0.08338599317023732 24.84
0.05351822022465458 0.08143674132777079 24.91
0.0461254660436724 0.07385028577190478 24.94
0.0461254660436724 0.06653437402047391 24.98
0.04588405996112288 0.06944750996211813 24.98
0.04588405996112288 0.06939191643541454 24.98
0.0508357148855465 0.0607885626467356 24.89
0.0508357148855465 0.06079759492870185 24.89
0.04998696789035317 0.06508611930751396 24.92
0.049986967890353395 0.06113999839768669 24.95
0.05167640794987394 0.06335688997827438 24.91
0.05167640794987394 0.062485222766267 24.9
0.050316190239113934 0.06669439980363578 24.89
0.050316190239113934 0.06273427838690804 24.94
0.05046928557842034 0.07315050366015896 24.72
0.05046928557842034 0.06650094662600414 24.92
0.05089968694555125 0.08442579858409927 24.53
0.05089968694555125 0.061117664431109664 24.88
0.04983324960979074 0.08772383061084288 24.53
0.04983324960979074 0.06281847788493489 24.9
0.05062374412971171 0.0847294489784296 24.54
0.05062374412971171 0.06122868073486332 24.95
0.052578005322414856 0.08633176676901921 24.6
0.052578005322414856 0.06206263522097144 24.93
0.04973400970932185 0.09697545288013198 24.68
0.04973400970932185 0.06255958712888188 24.91
0.04636716196214086 0.07628650572894247 24.84
0.04636716196214086 0.060480982418365414 24.97
0.04548674278474707 0.07620356141373719 24.86
0.04548674278474707 0.060452860338864656 24.98
0.04732851252797732 0.0711999993875676 24.89
0.04732851252797732 0.06286169858220214 24.98
0.04678956406560064 0.071727927273177 24.83
0.04678956406560064 0.06442832826590428 24.96
0.0462933482592186 0.07551201565467192 24.83
0.0462933482592186 0.06004774159723225 24.97
0.04669682709263345 0.0627450723255889 24.96
0.04669682709263345 0.05898894265845922 24.98
0.044505722402002124 0.059496619939031437 24.94
0.044505722402002124 0.06328674588386418 24.95
0.045908357547916556 0.06214485666391956 24.98
0.045908357547916556 0.06255964545461279 24.96
0.04449002120866841 0.06029707091783865 24.97
0.04449002120866841 0.05883832838326131 24.95
0.04646672366133653 0.061211831174214804 24.96
0.04646672366133653 0.060010153696892665 24.97
0.046474317339311955 0.06095259528122454 24.9
0.046474317339311955 0.056228749076730034 24.94
0.04792041555630788 0.05697875553884302 24.92
0.04792041555630788 0.056088409458625144 24.93
0.044877648624966904 0.05726269573625287 24.95
0.044877648624966904 0.05326502930997923 24.95
0.04672285459537795 0.058660767364721256 24.92
0.04672285459537795 0.05296043965734787 24.98
0.046657814743992554 0.06008014357203506 24.94
0.046657814743992554 0.061885247890864026 24.9
0.04550359707168827 0.054016827535267264 24.96
0.04550359707168827 0.05460742391423745 24.95
0.0482519557703065 0.054258558934990875 24.95
0.0482519557703065 0.05729989653691281 24.94
0.044961182898499485 0.054623124688677804 24.96
0.044961182898499485 0.054913344162339506 24.95
0.04412806590823881 0.05725642757978644 24.93
0.04412806590823881 0.059958556929287865 24.93
0.04772232811050392 0.056515232677608274 24.96
0.04772232811050392 0.054972857379043116 24.95
0.04526472014558125 0.05157401292578978 24.96
0.04526472014558125 0.053146220315531734 24.95
0.04470952810387385 0.05273938360890196 24.98
0.04470952810387385 0.05169959627548637 24.97
0.04621495859806146 0.050222366707529 24.98
0.04621495859806146 0.053433892261188554 24.97
0.0462039591970026 0.05447648178936959 24.95
0.0462039591970026 0.055144779016047196 24.93
0.04535272989328898 0.05254525786791153 24.92
0.04535272989328898 0.05383499734325381 24.93
0.044501412415699715 0.05511418151401981 24.92
0.044501412415699715 0.0547304724132226 24.93
0.04534354196555701 0.05686353317063597 24.93
0.04534354196555701 0.058792428185307166 24.93
0.04680552476500344 0.051914656789410984 24.97
0.04680552476500344 0.051870411200268585 24.97
0.04503388992331525 0.05555229993574129 24.96
0.04503388992331525 0.05462617361917066 24.95
0.04732905033167212 0.04931442234563532 24.96
0.04732905033167212 0.04911173499742216 24.95
0.0454259662394384 0.053679261937253364 24.92
0.04154189108717776 0.05261215458658275 24.96
0.040649689227202024 0.0570374462740042 24.91
0.04200565475513296 0.0577068647788872 24.91
0.04426267438099263 0.05876616259410239 24.9
0.04197360005956985 0.057001115636211686 24.92
0.04158042101645021 0.062298431271671895 24.85
0.04204724594680387 0.054029734892398595 24.94
0.041920753087602236 0.059514068812193455 24.89
0.04260082228363371 0.060130300802637926 24.93
0.04240218942490248 0.058776513447161616 24.93
0.041829281806186835 0.05963971206029739 24.96
0.042085847378179886 0.0568425832866728 24.91
0.042548089150387325 0.05482844612746374 24.95
0.04253105656798806 0.05747677296364273 24.95
0.04181125883907311 0.05556595573262457 24.98
0.04178102701931874 0.057000954876658905 24.94
0.04202997135618047 0.052573168405843806 24.95
0.043291823829406884 0.05558139818434038 24.93
0.04487387457420322 0.055936456954188474 24.97
0.04452946474067343 0.05494250534252787 24.94
0.040811250827192724 0.05381727566006278 24.92
0.03955388146964589 0.0554887447812491 24.92
0.04127092564050272 0.05153407620927497 24.94
0.040795641324819165 0.05714799364931611 24.97
0.04207314482827951 0.05402362075201661 24.97
0.04076748775496897 0.054663758635497994 24.96
0.03937437395945009 0.05105799825596391 24.98
0.04060407184767867 0.054042787265733416 24.94
0.04098703574144025 0.056684054678301954 24.94
0.038942781391614445 0.0509835809674154 24.94
0.04061632141082938 0.052877067806292755 24.95
0.04269364300965617 0.05418276673689082 24.91
0.04011168061778003 0.054094133942520606 24.92
0.0417466615918437 0.05597436126605648 24.86
0.040873876854041424 0.05107959335409906 24.93
0.038967784239144265 0.05834200746257023 24.82
0.04109488416922358 0.050323414622631235 24.9
0.041122078549011176 0.0565905665012687 24.94
0.03904791395598073 0.05484392304923669 24.92
0.0403427631105161 0.05549440162588681 24.98
0.03706228971760539 0.06043886445262814 24.92
0.03728154558855834 0.04986624607965462 24.96
0.039012073681377046 0.05452094894421122 24.96
0.03841476439937197 0.055791378292293636 24.96
0.03824069974903277 0.05501762114493958 24.96
0.03774449012742109 0.054208933388910086 24.93
0.03771962899944625 0.05562538170846354 24.9
0.03793136077856796 0.05592017688796813 24.94
0.037007187369261896 0.05531611807874315 24.97
0.039588728811673524 0.05384463421662222 24.95
0.037698735940093875 0.05819292350230909 24.9
0.038382954270159475 0.057328359703894494 24.97
0.037589922849739166 0.06127146379485637 24.96
0.0383358146523346 0.055170602035024774 24.97
0.037304763405480834 0.05504505698506579 24.96
0.038290554585114434 0.05615110980859139 24.96
0.03486818726411456 0.053151162464700974 24.95
0.03749215569225539 0.05698760474443443 24.97
0.03949394919589233 0.056165293205586386 24.93
0.046588980078259734 0.05182124695682533 24.96
0.04578584300578303 0.05356140847623658 24.96
0.045336467311053896 0.05422409109691062 24.96
0.044916653386800176 0.052515379525860384 24.94
0.045993492671209 0.05083971468388693 24.97
0.04548445539462176 0.0517899865753374 24.96
0.0439631083947114 0.05262499084960082 24.97
0.044557897892876897 0.05556102048927125 24.93
0.045324898022180204 0.05174642902835602 24.96
0.04477447888592223 0.05363897965484865 24.93
0.04544650908255787 0.05175980524318713 24.96
0.044641590413760035 0.05020785177505249 24.97
0.049075847525693383 0.051055348622807806 24.98
0.045428539397545986 0.053058208419555886 24.96
0.04614377243559664 0.05184758860529526 24.95
0.04588590273020188 0.05032435494640464 24.94
0.046110757432507254 0.05394517732438231 24.96
0.04456939734893117 0.05231662689775585 24.95
0.04517624754184402 0.05378189982867809 24.97
0.04576615612889734 0.05626995098229548 24.95
