4.944995832420251425e-02 5.562529243516478594e-02 0.000000000000000000e+00
4.617536462149318677e-02 5.755632767163587626e-02 0.000000000000000000e+00
5.718301359526700711e-02 4.438061203485310635e-02 0.000000000000000000e+00
4.487027279842303873e-02 5.823187205571100922e-02 0.000000000000000000e+00
5.132251809814880605e-02 5.283624142913012633e-02 0.000000000000000000e+00
5.017702459450001928e-02 5.720189105360640180e-02 0.000000000000000000e+00
4.627985984137905628e-02 6.741928524386009425e-02 0.000000000000000000e+00
4.743665751112635665e-02 6.652722289584522830e-02 0.000000000000000000e+00
5.432777147153289299e-02 5.434348633908903103e-02 0.000000000000000000e+00
5.712558980663939856e-02 5.404342318524690825e-02 0.000000000000000000e+00
4.850081657621529985e-02 5.877452175228303766e-02 0.000000000000000000e+00
4.919695237973109592e-02 6.425966210077693752e-02 0.000000000000000000e+00
4.898025240335834862e-02 6.433714985957039723e-02 0.000000000000000000e+00
5.712558980663939856e-02 5.404342318524690825e-02 0.000000000000000000e+00
5.718301359526700711e-02 4.438061203485310635e-02 0.000000000000000000e+00
4.487027279842303873e-02 5.823187205571100922e-02 0.000000000000000000e+00
4.617536462149318677e-02 5.755632767163587626e-02 0.000000000000000000e+00
5.013618020254784202e-02 6.760082298846459281e-02 0.000000000000000000e+00
4.944995832420251425e-02 5.562529243516478594e-02 0.000000000000000000e+00
5.132251809814880605e-02 5.283624142913012633e-02 0.000000000000000000e+00
4.406780397642218183e-02 5.026269876144018323e-02 0.000000000000000000e+00
4.783175008879303469e-02 4.095709652874968132e-02 0.000000000000000000e+00
4.717428215452534879e-02 4.445175712186499872e-02 0.000000000000000000e+00
4.777740364128457706e-02 4.276670933196091706e-02 0.000000000000000000e+00
4.684928563809587221e-02 4.918163597147473531e-02 0.000000000000000000e+00
4.617536462149318677e-02 5.755632767163587626e-02 0.000000000000000000e+00
4.932417050731685570e-02 4.207343092504944870e-02 0.000000000000000000e+00
4.726640493578437852e-02 4.820185613952343573e-02 0.000000000000000000e+00
4.847680782493279938e-02 4.515607763916640316e-02 0.000000000000000000e+00
5.376268812279916265e-02 4.239900550865449702e-02 0.000000000000000000e+00
4.406780397642218183e-02 5.026269876144018323e-02 0.000000000000000000e+00
4.617536462149318677e-02 5.755632767163587626e-02 0.000000000000000000e+00
4.684928563809587221e-02 4.918163597147473531e-02 0.000000000000000000e+00
4.781534026590072983e-02 4.852539355871454685e-02 0.000000000000000000e+00
4.717428215452534879e-02 4.445175712186499872e-02 0.000000000000000000e+00
4.847680782493279938e-02 4.515607763916640316e-02 0.000000000000000000e+00
5.537492405873345458e-02 4.788200876227954872e-02 0.000000000000000000e+00
4.932417050731685570e-02 4.207343092504944870e-02 0.000000000000000000e+00
5.376268812279916265e-02 4.239900550865449702e-02 0.000000000000000000e+00
4.783175008879303469e-02 4.095709652874968132e-02 0.000000000000000000e+00
4.693332684531470456e-02 3.511843320990437611e-02 0.000000000000000000e+00
4.103639289407889912e-02 3.568377149050250274e-02 0.000000000000000000e+00
4.324149446622560511e-02 3.769980244630255495e-02 0.000000000000000000e+00
4.272401261387837046e-02 6.081970867900565736e-02 0.000000000000000000e+00
4.795023901429718016e-02 3.720208125070345595e-02 0.000000000000000000e+00
4.361972597151431152e-02 4.019303573930521623e-02 0.000000000000000000e+00
4.544628875404899127e-02 3.972520601924733885e-02 0.000000000000000000e+00
4.608749483021379323e-02 3.896286528459369514e-02 0.000000000000000000e+00
4.733013236223659881e-02 3.850974083752878308e-02 0.000000000000000000e+00
4.370482736843039895e-02 4.239771640751310855e-02 0.000000000000000000e+00
4.103639289407889912e-02 3.568377149050250274e-02 0.000000000000000000e+00
4.406780397642218183e-02 5.026269876144018323e-02 0.000000000000000000e+00
4.370482736843039895e-02 4.239771640751310855e-02 0.000000000000000000e+00
4.361972597151431152e-02 4.019303573930521623e-02 0.000000000000000000e+00
4.608749483021379323e-02 3.896286528459369514e-02 0.000000000000000000e+00
4.733013236223659881e-02 3.850974083752878308e-02 0.000000000000000000e+00
4.795023901429718016e-02 3.720208125070345595e-02 0.000000000000000000e+00
4.693332684531470456e-02 3.511843320990437611e-02 0.000000000000000000e+00
4.143797598997667198e-02 4.504558723274620924e-02 0.000000000000000000e+00
4.237609217070503753e-02 6.217415900620171243e-02 0.000000000000000000e+00
4.103639289407889912e-02 3.568377149050250274e-02 0.000000000000000000e+00
3.845242771209333998e-02 3.728097910361838352e-02 0.000000000000000000e+00
4.263850143164693574e-02 2.731732484440863029e-02 0.000000000000000000e+00
3.968588792046323643e-02 4.739116335443482875e-02 0.000000000000000000e+00
4.042387180661832780e-02 4.082062670184372077e-02 0.000000000000000000e+00
4.275938987123117929e-02 3.300948729861907793e-02 0.000000000000000000e+00
4.303177968965032907e-02 2.811783901785758211e-02 0.000000000000000000e+00
4.191931213888788754e-02 3.823885405664206871e-02 0.000000000000000000e+00
4.298656248546972591e-02 3.450665033548250271e-02 0.000000000000000000e+00
4.457768302551823325e-02 3.016341963984781049e-02 0.000000000000000000e+00
4.492794434776714585e-02 3.218157199843185712e-02 0.000000000000000000e+00
4.042387180661832780e-02 4.082062670184372077e-02 0.000000000000000000e+00
4.356982381345664290e-02 3.722573439919263372e-02 0.000000000000000000e+00
4.445526573343738796e-02 3.621409276048193071e-02 0.000000000000000000e+00
4.693332684531470456e-02 3.511843320990437611e-02 0.000000000000000000e+00
4.457768302551823325e-02 3.016341963984781049e-02 0.000000000000000000e+00
4.303177968965032907e-02 2.811783901785758211e-02 0.000000000000000000e+00
4.263850143164693574e-02 2.731732484440863029e-02 0.000000000000000000e+00
3.845242771209333998e-02 3.728097910361838352e-02 0.000000000000000000e+00
4.108557121124012390e-02 3.704098210232387167e-02 0.000000000000000000e+00
4.263850143164693574e-02 2.731732484440863029e-02 0.000000000000000000e+00
3.448504930177043182e-02 2.957318633981298461e-02 0.000000000000000000e+00
4.176623640024723638e-02 2.791255978947559946e-02 0.000000000000000000e+00
3.885532609543673743e-02 3.054127057608491125e-02 0.000000000000000000e+00
3.811560176382844389e-02 3.236954223620980287e-02 0.000000000000000000e+00
3.637689115802111850e-02 3.834860401664264007e-02 0.000000000000000000e+00
4.193806532729082992e-02 2.954583742379168765e-02 0.000000000000000000e+00
3.901828603150059305e-02 3.069744390080320073e-02 0.000000000000000000e+00
3.822442250102076056e-02 3.688483762376892905e-02 0.000000000000000000e+00
3.819115238949222224e-02 3.770294730421730467e-02 0.000000000000000000e+00
4.307045804917586374e-02 3.153091036439192862e-02 0.000000000000000000e+00
3.448504930177043182e-02 2.957318633981298461e-02 0.000000000000000000e+00
3.637689115802111850e-02 3.834860401664264007e-02 0.000000000000000000e+00
3.819115238949222224e-02 3.770294730421730467e-02 0.000000000000000000e+00
3.822442250102076056e-02 3.688483762376892905e-02 0.000000000000000000e+00
3.963544199000956780e-02 3.328785123000632673e-02 0.000000000000000000e+00
4.492794434776714585e-02 3.218157199843185712e-02 0.000000000000000000e+00
4.693332684531470456e-02 3.511843320990437611e-02 0.000000000000000000e+00
4.193806532729082992e-02 2.954583742379168765e-02 0.000000000000000000e+00
4.176623640024723638e-02 2.791255978947559946e-02 0.000000000000000000e+00
3.546052374413100061e-02 2.567988267915821687e-02 0.000000000000000000e+00
3.432953162811147596e-02 3.999995401920486415e-02 0.000000000000000000e+00
3.530286746260613562e-02 2.894336061595037535e-02 0.000000000000000000e+00
3.949382258302647219e-02 2.687139476410715933e-02 0.000000000000000000e+00
3.819007157429332722e-02 2.748191971123614685e-02 0.000000000000000000e+00
3.733532496465130635e-02 2.863975320284883885e-02 0.000000000000000000e+00
3.709978955349146901e-02 3.010143927740482894e-02 0.000000000000000000e+00
3.681946733600338639e-02 3.141165035976312137e-02 0.000000000000000000e+00
3.523861010849693720e-02 3.770805283125311380e-02 0.000000000000000000e+00
3.570090859179764209e-02 3.164754155698867866e-02 0.000000000000000000e+00
3.808887955789219681e-02 3.084186145058998019e-02 0.000000000000000000e+00
3.432953162811147596e-02 3.999995401920486415e-02 0.000000000000000000e+00
3.523861010849693720e-02 3.770805283125311380e-02 0.000000000000000000e+00
3.941164520730988663e-02 3.230602737304566485e-02 0.000000000000000000e+00
4.232217934545712268e-02 3.434709398745394715e-02 0.000000000000000000e+00
3.733532496465130635e-02 2.863975320284883885e-02 0.000000000000000000e+00
3.819007157429332722e-02 2.748191971123614685e-02 0.000000000000000000e+00
3.949382258302647219e-02 2.687139476410715933e-02 0.000000000000000000e+00
3.546052374413100061e-02 2.567988267915821687e-02 0.000000000000000000e+00
3.448504930177043182e-02 2.957318633981298461e-02 0.000000000000000000e+00
3.546052374413100061e-02 2.567988267915821687e-02 0.000000000000000000e+00
3.432953162811147596e-02 3.999995401920486415e-02 0.000000000000000000e+00
4.040007521763744336e-02 2.547293245177129073e-02 0.000000000000000000e+00
3.482242690327519430e-02 2.732758365642362630e-02 0.000000000000000000e+00
3.949382258302647219e-02 2.687139476410715933e-02 0.000000000000000000e+00
3.513274653146170046e-02 3.592135483506564420e-02 0.000000000000000000e+00
3.819007157429332722e-02 2.748191971123614685e-02 0.000000000000000000e+00
3.733532496465130635e-02 2.863975320284883885e-02 0.000000000000000000e+00
3.570090859179764209e-02 3.164754155698867866e-02 0.000000000000000000e+00
3.658673973400394797e-02 3.095549528631558189e-02 0.000000000000000000e+00
3.836345750062508664e-02 2.825700836239375402e-02 0.000000000000000000e+00
3.432953162811147596e-02 3.999995401920486415e-02 0.000000000000000000e+00
3.513274653146170046e-02 3.592135483506564420e-02 0.000000000000000000e+00
3.658673973400394797e-02 3.095549528631558189e-02 0.000000000000000000e+00
3.733532496465130635e-02 2.863975320284883885e-02 0.000000000000000000e+00
3.928736964358758854e-02 2.874715803988669993e-02 0.000000000000000000e+00
3.978082498026525027e-02 2.945074337321840208e-02 0.000000000000000000e+00
3.819007157429332722e-02 2.748191971123614685e-02 0.000000000000000000e+00
3.949382258302647219e-02 2.687139476410715933e-02 0.000000000000000000e+00
3.546052374413100061e-02 2.567988267915821687e-02 0.000000000000000000e+00
3.298925340466374312e-02 2.362417261329363694e-02 0.000000000000000000e+00
3.552782229298201422e-02 2.526548775548265180e-02 0.000000000000000000e+00
3.355028909222002031e-02 2.984752487050079672e-02 0.000000000000000000e+00
3.483151347446278301e-02 2.551721994466971122e-02 0.000000000000000000e+00
3.378955992788346130e-02 2.642435721398384008e-02 0.000000000000000000e+00
3.606532986736232793e-02 2.455011507043214358e-02 0.000000000000000000e+00
3.546052374413100061e-02 2.567988267915821687e-02 0.000000000000000000e+00
3.482242690327519430e-02 2.732758365642362630e-02 0.000000000000000000e+00
3.408772574271545786e-02 3.054840013276349797e-02 0.000000000000000000e+00
3.422029820587479954e-02 2.888033550405233463e-02 0.000000000000000000e+00
3.298925340466374312e-02 2.362417261329363694e-02 0.000000000000000000e+00
3.610521255308385413e-02 2.926577260303253603e-02 0.000000000000000000e+00
3.483151347446278301e-02 2.551721994466971122e-02 0.000000000000000000e+00
3.606532986736232793e-02 2.455011507043214358e-02 0.000000000000000000e+00
3.355028909222002031e-02 2.984752487050079672e-02 0.000000000000000000e+00
3.378955992788346130e-02 2.642435721398384008e-02 0.000000000000000000e+00
3.610559760478615488e-02 3.083570216016229271e-02 0.000000000000000000e+00
3.592058957760502214e-02 2.772219755316540635e-02 0.000000000000000000e+00
3.630164366343913152e-02 2.860464624865777239e-02 0.000000000000000000e+00
3.552782229298201422e-02 2.526548775548265180e-02 0.000000000000000000e+00
3.298925340466374312e-02 2.362417261329363694e-02 0.000000000000000000e+00
3.297692394210349764e-02 2.604031655339922313e-02 0.000000000000000000e+00
3.156786575512349202e-02 3.402001552923594740e-02 0.000000000000000000e+00
3.552782229298201422e-02 2.526548775548265180e-02 0.000000000000000000e+00
3.483151347446278301e-02 2.551721994466971122e-02 0.000000000000000000e+00
3.606532986736232793e-02 2.455011507043214358e-02 0.000000000000000000e+00
3.585289565553184676e-02 2.488522736784770650e-02 0.000000000000000000e+00
3.355028909222002031e-02 2.984752487050079672e-02 0.000000000000000000e+00
3.378955992788346130e-02 2.642435721398384008e-02 0.000000000000000000e+00
3.230233502656132405e-02 3.784968622813755790e-02 0.000000000000000000e+00
3.373576843204872944e-02 3.849578516545759665e-02 0.000000000000000000e+00
3.863546500329539946e-02 2.968615239311811482e-02 0.000000000000000000e+00
3.386302151431586083e-02 4.000616738643114623e-02 0.000000000000000000e+00
3.398547090736381282e-02 3.655558377448409058e-02 0.000000000000000000e+00
3.355028909222002031e-02 2.984752487050079672e-02 0.000000000000000000e+00
3.297692394210349764e-02 2.604031655339922313e-02 0.000000000000000000e+00
3.494964448668169688e-02 2.722664795684281991e-02 0.000000000000000000e+00
3.298925340466374312e-02 2.362417261329363694e-02 0.000000000000000000e+00
3.156786575512349202e-02 3.402001552923594740e-02 0.000000000000000000e+00
3.431040393843631797e-02 3.981838693945627394e-02 0.000000000000000000e+00
3.298925340466374312e-02 2.362417261329363694e-02 0.000000000000000000e+00
3.297692394210349764e-02 2.604031655339922313e-02 0.000000000000000000e+00
3.150173827445734709e-02 2.777450936138348148e-02 0.000000000000000000e+00
3.305785616840783980e-02 2.443110307068607767e-02 0.000000000000000000e+00
3.283272797906988671e-02 3.358503178973726300e-02 0.000000000000000000e+00
3.483151347446278301e-02 2.551721994466971122e-02 0.000000000000000000e+00
3.606532986736232793e-02 2.455011507043214358e-02 0.000000000000000000e+00
3.585289565553184676e-02 2.488522736784770650e-02 0.000000000000000000e+00
3.355028909222002031e-02 2.984752487050079672e-02 0.000000000000000000e+00
3.378955992788346130e-02 2.642435721398384008e-02 0.000000000000000000e+00
3.543094602456287046e-02 2.683770813623298501e-02 0.000000000000000000e+00
3.283272797906988671e-02 3.358503178973726300e-02 0.000000000000000000e+00
3.355028909222002031e-02 2.984752487050079672e-02 0.000000000000000000e+00
3.297692394210349764e-02 2.604031655339922313e-02 0.000000000000000000e+00
3.494964448668169688e-02 2.722664795684281991e-02 0.000000000000000000e+00
3.616436873283335185e-02 2.740303213768324753e-02 0.000000000000000000e+00
3.717152249424837684e-02 2.878068351256590773e-02 0.000000000000000000e+00
3.696337028478047237e-02 2.538413887269164171e-02 0.000000000000000000e+00
3.373576843204872944e-02 3.849578516545759665e-02 0.000000000000000000e+00
3.386302151431586083e-02 4.000616738643114623e-02 0.000000000000000000e+00
