0.056915832001286026 0.0837965870824191 24.92
0.054791890340555094 0.08694212534158696 24.87
0.05584174843911072 0.08597139023704725 24.91
0.054672112560251285 0.09017383712947091 24.93
0.05417171885310268 0.0824136780975242 24.95
0.05728392620341172 0.08815440992298351 24.87
0.05476687395089608 0.08738457134463029 24.86
0.05697626855644078 0.08756786895787283 24.91
0.05694218250775107 0.08584125674960053 24.95
0.05599265022174804 0.09070277124149018 24.89
0.05224952747989153 0.07858607509480164 24.89
0.05183018723701427 0.07508752416179176 24.95
0.05150628797631629 0.07359795980874939 24.94
0.052232640984137046 0.07489028161764932 24.96
0.050399032217579576 0.07654922554096799 24.94
0.051339645659401856 0.07840667513357458 24.94
0.052380171128533326 0.07221233005197503 24.95
0.05128582688873995 0.07438525152065967 24.93
0.051667405294956836 0.07150235018766782 24.96
0.04969117828899039 0.07678330907043118 24.95
0.043123578874592394 0.06869905124256848 24.96
0.04412706694370616 0.06891220091577932 24.95
0.04485732053772762 0.06967640648977902 24.96
0.04182339259892087 0.07213422683100301 24.94
0.04409373777188108 0.07300589496370335 24.92
0.04260345919425501 0.06420015951326064 24.96
0.04233160967950089 0.06769525425533518 24.94
0.04403755110521912 0.0679027198733263 24.97
0.043024777868781894 0.07019967331430432 24.95
0.04113900914050017 0.06780606030730463 24.92
0.04041268942257892 0.06705569545846723 24.97
0.039509352509817464 0.06478497060194655 24.94
0.03832371524811262 0.06142889242648064 24.97
0.0392411038998246 0.06899294356500885 24.95
0.03871718552265824 0.06718712396931181 24.93
0.039451939625040455 0.06348298223132898 24.98
0.03854188000708503 0.06434455005706452 24.96
0.04017169369667517 0.06529917984818101 24.96
0.039852005494908305 0.07078910743566202 24.95
0.04075082117517492 0.0627380267556219 24.97
0.0389520419130136 0.06742452984294056 24.95
0.03838926863329062 0.06450773955185474 24.96
0.03924754717240231 0.07085845334751406 24.94
0.04048698744407919 0.06833003228342971 24.93
0.039799691435707274 0.06295140467579197 24.94
0.03750677304572381 0.06718608441340868 24.95
0.04013689818092658 0.06586640632877017 24.96
0.037617114404362106 0.06690439293823647 24.91
0.038988655436015596 0.06491594770192166 24.96
0.04179069543148317 0.06504742254520901 24.97
0.035135768413895985 0.059609431308173644 24.98
0.037246216740252525 0.06100849393705743 24.96
0.03623803376525159 0.06054280902757625 24.94
0.03479216702035559 0.06658781259487345 24.93
0.03364323159579141 0.07006016667036152 24.95
0.035216795377931875 0.05919214236935322 24.96
0.03630071796392953 0.062775584316768 24.96
0.03727541660370681 0.060813759485394026 24.96
0.0357230976640045 0.05762941678114086 24.96
0.03578324741489636 0.05687146488099215 24.97
0.03713431967451186 0.07305932091478551 24.95
0.037755272582249644 0.07183739578818149 24.9
0.03853986266378451 0.07332230408024709 24.96
0.03989205992570877 0.07084782662775313 24.92
0.03677324002592097 0.06644616357031141 24.94
0.03689997206670681 0.07313158420505883 24.93
0.03852345491267317 0.07026208665170686 24.91
0.03792180350833885 0.07039254121309668 24.94
0.03763381079026262 0.06874798443968844 24.96
0.038449550187915404 0.070361823031586 24.92
0.04803902447958608 0.0657385708351994 24.92
0.045566011564245223 0.061869503976879625 24.89
0.045566336470251545 0.06662551103881365 24.94
0.04799399496057877 0.06765267781752582 24.92
0.04631162783031284 0.06854715492466013 24.9
0.04871195300111597 0.06521101164598841 24.95
0.04649994338519747 0.0668774828696691 24.92
0.04597777040213391 0.06171049481790769 24.94
0.045790577240932606 0.06239174570598682 24.93
0.049113500700135426 0.06631132676481133 24.95
0.03671987725553094 0.06909152277343145 24.86
0.03753226339716831 0.0689613883438186 24.85
0.03782362557349206 0.06778593216374029 24.78
0.0371775109765331 0.07345563379196918 24.83
0.0361716385037707 0.07523139145809199 24.87
0.038408413432090116 0.06699153598565277 24.87
0.03865951867150941 0.06428082209452268 24.81
0.03602487324040582 0.06682691241867256 24.84
0.03791430639111115 0.0709860166903763 24.88
0.03844860328294342 0.06746699643569032 24.8
0.04373741043351931 0.05941238348086908 24.88
0.04472530641094241 0.0619890086431103 24.93
0.04319595860943026 0.06133452641989212 24.91
0.04491057160080625 0.06797709624513426 24.88
0.04300228130913053 0.05878818343227299 24.91
0.04342775070200933 0.0616627977848343 24.86
0.04451125568148118 0.06128483510468086 24.93
0.04636950786911853 0.05794720592711711 24.88
0.044398394614681536 0.0623946117865265 24.87
0.04339939521094882 0.061343613099187344 24.94
