6.417336864481271164e-02 5.433496515833602380e-02 0.000000000000000000e+00
6.079373662428122493e-02 5.990151868439286265e-02 0.000000000000000000e+00
5.717707460817944565e-02 6.805616366693689745e-02 0.000000000000000000e+00
5.067629008138330171e-02 7.579721538312633733e-02 0.000000000000000000e+00
5.332670658352323123e-02 7.146424996514966210e-02 0.000000000000000000e+00
6.163172696718244303e-02 6.122664005277356214e-02 0.000000000000000000e+00
6.002171391307409287e-02 6.822954681833548474e-02 0.000000000000000000e+00
5.711869885296416705e-02 7.243536033844633071e-02 0.000000000000000000e+00
5.496523439946554568e-02 7.343333931158080308e-02 0.000000000000000000e+00
5.415405784636928566e-02 7.801445721930266863e-02 0.000000000000000000e+00
6.604019197440069711e-02 6.870943621605651863e-02 0.000000000000000000e+00
5.067629008138330171e-02 7.579721538312633733e-02 0.000000000000000000e+00
5.879669409528920365e-02 7.275224462968188366e-02 0.000000000000000000e+00
6.002171391307409287e-02 6.822954681833548474e-02 0.000000000000000000e+00
6.417336864481271164e-02 5.433496515833602380e-02 0.000000000000000000e+00
5.176907313516088127e-02 9.211448392353072112e-02 0.000000000000000000e+00
5.184921834811484498e-02 8.394566872331910012e-02 0.000000000000000000e+00
5.332670658352323123e-02 7.146424996514966210e-02 0.000000000000000000e+00
5.496523439946554568e-02 7.343333931158080308e-02 0.000000000000000000e+00
6.198209086043049432e-02 6.826018047570947545e-02 0.000000000000000000e+00
6.417336864481271164e-02 5.433496515833602380e-02 0.000000000000000000e+00
5.067629008138330171e-02 7.579721538312633733e-02 0.000000000000000000e+00
6.034259299398225806e-02 5.601320040401402967e-02 0.000000000000000000e+00
5.511310545844705366e-02 6.078969653883081747e-02 0.000000000000000000e+00
5.382684329850473404e-02 6.673989412410996636e-02 0.000000000000000000e+00
6.042477412417057714e-02 5.867340645275898048e-02 0.000000000000000000e+00
5.665948961372335724e-02 6.094006139034813252e-02 0.000000000000000000e+00
5.534288030036926820e-02 6.485729094023662267e-02 0.000000000000000000e+00
5.403393933778810609e-02 6.738320828945698615e-02 0.000000000000000000e+00
5.378725259184680141e-02 7.113721385413351861e-02 0.000000000000000000e+00
6.253988292180423514e-02 6.540361584502973891e-02 0.000000000000000000e+00
5.067629008138330171e-02 7.579721538312633733e-02 0.000000000000000000e+00
5.242681705809437709e-02 7.456325201742297626e-02 0.000000000000000000e+00
5.534288030036926820e-02 6.485729094023662267e-02 0.000000000000000000e+00
6.938586412737313136e-02 7.027393026096429018e-02 0.000000000000000000e+00
7.204679064006724865e-02 7.356668276815692131e-02 0.000000000000000000e+00
6.042477412417057714e-02 5.867340645275898048e-02 0.000000000000000000e+00
6.034259299398225806e-02 5.601320040401402967e-02 0.000000000000000000e+00
6.417336864481271164e-02 5.433496515833602380e-02 0.000000000000000000e+00
5.095943805478542199e-02 7.009715108729452915e-02 0.000000000000000000e+00
5.389064904021423352e-02 5.413472479183467634e-02 0.000000000000000000e+00
4.811686897421696418e-02 6.300763461252267827e-02 0.000000000000000000e+00
4.368321568248334508e-02 6.719825337552387534e-02 0.000000000000000000e+00
4.468673619676477582e-02 6.604034654357504586e-02 0.000000000000000000e+00
4.615591455054501857e-02 6.578074781471465737e-02 0.000000000000000000e+00
5.169629204231596109e-02 5.556419120356737018e-02 0.000000000000000000e+00
5.114515273548270180e-02 6.042468009883594782e-02 0.000000000000000000e+00
5.044552108868427531e-02 6.351143473165132836e-02 0.000000000000000000e+00
5.024901475042187204e-02 6.633507821899120582e-02 0.000000000000000000e+00
4.744864419921468457e-02 6.824762892980529294e-02 0.000000000000000000e+00
5.434800257592742323e-02 5.781141260504030210e-02 0.000000000000000000e+00
4.368321568248334508e-02 6.719825337552387534e-02 0.000000000000000000e+00
4.468673619676477582e-02 6.604034654357504586e-02 0.000000000000000000e+00
5.044552108868427531e-02 6.351143473165132836e-02 0.000000000000000000e+00
5.603224386951810576e-02 6.214059696676677014e-02 0.000000000000000000e+00
6.042477412417057714e-02 5.867340645275898048e-02 0.000000000000000000e+00
5.389064904021423352e-02 5.413472479183467634e-02 0.000000000000000000e+00
4.405447093166403594e-02 7.113267598740335984e-02 0.000000000000000000e+00
4.626941028703157599e-02 7.000279072547033188e-02 0.000000000000000000e+00
4.681421488781078999e-02 7.688986525722962817e-02 0.000000000000000000e+00
5.389064904021423352e-02 5.413472479183467634e-02 0.000000000000000000e+00
4.518797508342431435e-02 5.695182643698493141e-02 0.000000000000000000e+00
3.964795424461742268e-02 6.273518766552876880e-02 0.000000000000000000e+00
4.651915542849871521e-02 5.556818387128292791e-02 0.000000000000000000e+00
3.880089736240288634e-02 6.746269756612943702e-02 0.000000000000000000e+00
4.070508781707116164e-02 5.878774510626416649e-02 0.000000000000000000e+00
3.976411972473226086e-02 6.063770275995294945e-02 0.000000000000000000e+00
3.957837826301369155e-02 6.538580454573561518e-02 0.000000000000000000e+00
4.214759424058234227e-02 5.952947481900139337e-02 0.000000000000000000e+00
4.092850226078481590e-02 6.060184541179425288e-02 0.000000000000000000e+00
4.453230201103652863e-02 5.982763728223772226e-02 0.000000000000000000e+00
5.434800257592742323e-02 5.781141260504030210e-02 0.000000000000000000e+00
3.880089736240288634e-02 6.746269756612943702e-02 0.000000000000000000e+00
4.092850226078481590e-02 6.060184541179425288e-02 0.000000000000000000e+00
4.653635870336181313e-02 6.022920417947141836e-02 0.000000000000000000e+00
4.973270701393239790e-02 5.904968794904452700e-02 0.000000000000000000e+00
4.111035525887773989e-02 6.542867374044925022e-02 0.000000000000000000e+00
4.308491348966647649e-02 6.670796433110148804e-02 0.000000000000000000e+00
4.070508781707116164e-02 5.878774510626416649e-02 0.000000000000000000e+00
3.976411972473226086e-02 6.063770275995294945e-02 0.000000000000000000e+00
5.389064904021423352e-02 5.413472479183467634e-02 0.000000000000000000e+00
3.734197547258233385e-02 5.553711587630960622e-02 0.000000000000000000e+00
4.518797508342431435e-02 5.695182643698493141e-02 0.000000000000000000e+00
4.651915542849871521e-02 5.556818387128292791e-02 0.000000000000000000e+00
3.800413118082490715e-02 5.771446084873088633e-02 0.000000000000000000e+00
5.094554228336922730e-02 5.570353426928353890e-02 0.000000000000000000e+00
3.964795424461742268e-02 6.273518766552876880e-02 0.000000000000000000e+00
3.976411972473226086e-02 6.063770275995294945e-02 0.000000000000000000e+00
4.003790108574722950e-02 5.776289610422247200e-02 0.000000000000000000e+00
3.871092639706241734e-02 6.659673894451212384e-02 0.000000000000000000e+00
4.092850226078481590e-02 6.060184541179425288e-02 0.000000000000000000e+00
4.304881318987463512e-02 5.948604314456407138e-02 0.000000000000000000e+00
4.495129915753393046e-02 5.809024096558113026e-02 0.000000000000000000e+00
3.734197547258233385e-02 5.553711587630960622e-02 0.000000000000000000e+00
4.114321909042095715e-02 6.116696824010259270e-02 0.000000000000000000e+00
4.308491348966647649e-02 6.670796433110148804e-02 0.000000000000000000e+00
4.003790108574722950e-02 5.776289610422247200e-02 0.000000000000000000e+00
4.453230201103652863e-02 5.982763728223772226e-02 0.000000000000000000e+00
4.557845823288142473e-02 5.953771514405592491e-02 0.000000000000000000e+00
4.641855438081066154e-02 5.974653676651764389e-02 0.000000000000000000e+00
3.734197547258233385e-02 5.553711587630960622e-02 0.000000000000000000e+00
4.372520534975454787e-02 5.220259792376968910e-02 0.000000000000000000e+00
4.528443445826035862e-02 5.086204550272255265e-02 0.000000000000000000e+00
3.800413118082490715e-02 5.771446084873088633e-02 0.000000000000000000e+00
4.518797508342431435e-02 5.695182643698493141e-02 0.000000000000000000e+00
4.579476452087294369e-02 5.372837680819930739e-02 0.000000000000000000e+00
3.976411972473226086e-02 6.063770275995294945e-02 0.000000000000000000e+00
4.003790108574722950e-02 5.776289610422247200e-02 0.000000000000000000e+00
3.871092639706241734e-02 6.659673894451212384e-02 0.000000000000000000e+00
4.651915542849871521e-02 5.556818387128292791e-02 0.000000000000000000e+00
4.350287218353565688e-02 5.823631188008315807e-02 0.000000000000000000e+00
3.734197547258233385e-02 5.553711587630960622e-02 0.000000000000000000e+00
4.003790108574722950e-02 5.776289610422247200e-02 0.000000000000000000e+00
4.304881318987463512e-02 5.948604314456407138e-02 0.000000000000000000e+00
4.453230201103652863e-02 5.982763728223772226e-02 0.000000000000000000e+00
4.495129915753393046e-02 5.809024096558113026e-02 0.000000000000000000e+00
4.802936475826169449e-02 5.634844810481121069e-02 0.000000000000000000e+00
4.528443445826035862e-02 5.086204550272255265e-02 0.000000000000000000e+00
4.562482920128230202e-02 6.150312790736456314e-02 0.000000000000000000e+00
5.074588328891671551e-02 6.529384624760847800e-02 0.000000000000000000e+00
4.629648057514490489e-02 5.017091701206610743e-02 0.000000000000000000e+00
4.863862222057768747e-02 4.945359560523154840e-02 0.000000000000000000e+00
3.893866065109663488e-02 5.334623328100340789e-02 0.000000000000000000e+00
3.707962657904428916e-02 5.950490341376557524e-02 0.000000000000000000e+00
4.044987433509350527e-02 5.148635539494161861e-02 0.000000000000000000e+00
3.800413118082490715e-02 5.771446084873088633e-02 0.000000000000000000e+00
3.852612038049763044e-02 5.576487364053472895e-02 0.000000000000000000e+00
3.981990619734276926e-02 5.522874499078711530e-02 0.000000000000000000e+00
4.260134706758544887e-02 5.245721034122541315e-02 0.000000000000000000e+00
4.045252793383791179e-02 5.414264318046113633e-02 0.000000000000000000e+00
4.394417542925277420e-02 5.600227718377026598e-02 0.000000000000000000e+00
3.707962657904428916e-02 5.950490341376557524e-02 0.000000000000000000e+00
3.874113321143857203e-02 5.951847835679335841e-02 0.000000000000000000e+00
3.852612038049763044e-02 5.576487364053472895e-02 0.000000000000000000e+00
4.045252793383791179e-02 5.414264318046113633e-02 0.000000000000000000e+00
4.635007896870102506e-02 5.785325876093261321e-02 0.000000000000000000e+00
5.028919128874886901e-02 5.813140367283220478e-02 0.000000000000000000e+00
3.734197547258233385e-02 5.553711587630960622e-02 0.000000000000000000e+00
3.907903483033192682e-02 6.071553598897350135e-02 0.000000000000000000e+00
3.989434115689127758e-02 6.732568158200058495e-02 0.000000000000000000e+00
4.629648057514490489e-02 5.017091701206610743e-02 0.000000000000000000e+00
4.863862222057768747e-02 4.945359560523154840e-02 0.000000000000000000e+00
4.044987433509350527e-02 5.148635539494161861e-02 0.000000000000000000e+00
4.156281061638777974e-02 5.093816858761157640e-02 0.000000000000000000e+00
3.824936775312048898e-02 5.203323939654114216e-02 0.000000000000000000e+00
3.572331003665518701e-02 5.285434862666560374e-02 0.000000000000000000e+00
3.596832173775665886e-02 5.229406813207249094e-02 0.000000000000000000e+00
3.893866065109663488e-02 5.334623328100340789e-02 0.000000000000000000e+00
3.691907115028347786e-02 5.384195995535312473e-02 0.000000000000000000e+00
3.638398360893968508e-02 5.416323391235577933e-02 0.000000000000000000e+00
3.852612038049763044e-02 5.576487364053472895e-02 0.000000000000000000e+00
4.075946922044404452e-02 5.380086288573049380e-02 0.000000000000000000e+00
3.572331003665518701e-02 5.285434862666560374e-02 0.000000000000000000e+00
3.691907115028347786e-02 5.384195995535312473e-02 0.000000000000000000e+00
3.962349147988530884e-02 5.775443368896193697e-02 0.000000000000000000e+00
3.998164146767246852e-02 5.691140578422548835e-02 0.000000000000000000e+00
4.731911902877428133e-02 5.953828380777748119e-02 0.000000000000000000e+00
4.378312542023488074e-02 5.436368898766874569e-02 0.000000000000000000e+00
3.576775031347645406e-02 5.799511098917931040e-02 0.000000000000000000e+00
3.603365250516854523e-02 5.964956788414443878e-02 0.000000000000000000e+00
3.265588351176695880e-02 4.449926215455790590e-02 0.000000000000000000e+00
2.912188626941847325e-02 5.046003940194376813e-02 0.000000000000000000e+00
3.453158281345358738e-02 4.933851271122224880e-02 0.000000000000000000e+00
2.926503177775452436e-02 6.411271889159009252e-02 0.000000000000000000e+00
3.047720921564156527e-02 5.400174496184617645e-02 0.000000000000000000e+00
3.066335819661070161e-02 5.068696887742907276e-02 0.000000000000000000e+00
3.032581943015011383e-02 5.538100532379708341e-02 0.000000000000000000e+00
3.507669542524571860e-02 5.016058203423201522e-02 0.000000000000000000e+00
3.131224981867930524e-02 5.360158870580633561e-02 0.000000000000000000e+00
3.301751946306696883e-02 5.289777333224454647e-02 0.000000000000000000e+00
3.693498215931823037e-02 5.416066807999941890e-02 0.000000000000000000e+00
3.301751946306696883e-02 5.289777333224454647e-02 0.000000000000000000e+00
3.813070553023245601e-02 5.669707909782373267e-02 0.000000000000000000e+00
3.775737250585287086e-02 5.720819291018008901e-02 0.000000000000000000e+00
3.265588351176695880e-02 4.449926215455790590e-02 0.000000000000000000e+00
2.912188626941847325e-02 5.046003940194376813e-02 0.000000000000000000e+00
3.047720921564156527e-02 5.400174496184617645e-02 0.000000000000000000e+00
3.066335819661070161e-02 5.068696887742907276e-02 0.000000000000000000e+00
3.442086776282471394e-02 5.435787780670753300e-02 0.000000000000000000e+00
3.643777441390094740e-02 5.600474912066544242e-02 0.000000000000000000e+00
3.265588351176695880e-02 4.449926215455790590e-02 0.000000000000000000e+00
2.912188626941847325e-02 5.046003940194376813e-02 0.000000000000000000e+00
3.453158281345358738e-02 4.933851271122224880e-02 0.000000000000000000e+00
3.949051383901258649e-02 4.604134258438108418e-02 0.000000000000000000e+00
3.047720921564156527e-02 5.400174496184617645e-02 0.000000000000000000e+00
3.066335819661070161e-02 5.068696887742907276e-02 0.000000000000000000e+00
4.136682272610003874e-02 4.994234336164316002e-02 0.000000000000000000e+00
3.131224981867930524e-02 5.360158870580633561e-02 0.000000000000000000e+00
3.301751946306696883e-02 5.289777333224454647e-02 0.000000000000000000e+00
3.428307999554625063e-02 5.176658734667971551e-02 0.000000000000000000e+00
2.912188626941847325e-02 5.046003940194376813e-02 0.000000000000000000e+00
3.047720921564156527e-02 5.400174496184617645e-02 0.000000000000000000e+00
3.301751946306696883e-02 5.289777333224454647e-02 0.000000000000000000e+00
3.428307999554625063e-02 5.176658734667971551e-02 0.000000000000000000e+00
3.657358334342786232e-02 5.144802029841533120e-02 0.000000000000000000e+00
4.136682272610003874e-02 4.994234336164316002e-02 0.000000000000000000e+00
3.949051383901258649e-02 4.604134258438108418e-02 0.000000000000000000e+00
3.265588351176695880e-02 4.449926215455790590e-02 0.000000000000000000e+00
3.066335819661070161e-02 5.068696887742907276e-02 0.000000000000000000e+00
3.325409353985886440e-02 5.358536391468571303e-02 0.000000000000000000e+00
