0.0525800858381712 0.08618088354439213 24.92
0.050841603809821945 0.08975336523659683 24.94
0.05250766980349897 0.08113138263698616 24.94
0.051338912806799475 0.08428246835335285 24.97
0.05242485246430573 0.08535773047585327 24.96
0.05846570831167808 0.08551900073471297 24.96
0.05775729553366726 0.09250781819510268 24.89
0.05241058367180296 0.08332389156825515 24.91
0.05162698344090633 0.08274165046952886 24.9
0.051342011546810395 0.08218658017000502 24.93
0.05252510567404722 0.08391343353862635 24.95
0.05513605188795556 0.07702499325043644 24.94
0.05534433353210233 0.07461297030926739 24.97
0.0547884042615574 0.0779803659538365 24.96
0.054137678084472785 0.07675591929628656 24.91
0.054655333420908114 0.07981772732532677 24.96
0.05552892672810006 0.07467710585015008 24.97
0.055003038440386676 0.0758821191928426 24.93
0.0537108892571162 0.08170269471507507 24.92
0.05404734409887679 0.0806730643931608 24.92
0.04690355671755608 0.07561851538930842 24.97
0.047738208542206784 0.06836165710032627 24.98
0.04728310861453222 0.06794527048822074 24.98
0.046931385836514794 0.06985149709919658 24.98
0.04645274583639236 0.06867862119882606 24.97
0.04740205607104697 0.07284978164203881 24.95
0.04618644836090624 0.07049458404804965 24.98
0.046817881173722764 0.06832663927878313 24.97
0.045395732191767624 0.06660713801369411 24.97
0.047066720706967935 0.07344475876643142 24.96
0.042993187566881086 0.07132207189604056 24.93
0.04395611243087971 0.06990384854596954 24.95
0.043214914679686744 0.07011862219596654 24.93
0.04529875498122127 0.06978021134980783 24.95
0.04230541792729081 0.07018647318820714 24.95
0.045249374819764765 0.06832774672060926 24.91
0.04377030598800813 0.06928295870859968 24.96
0.04528709407038589 0.07338804137238353 24.92
0.04492141991230936 0.06985789846440094 24.96
0.04620016022988016 0.07158611463551012 24.91
0.03489985250854577 0.07422258921401492 24.89
0.03730885770813119 0.071548607942172 24.92
0.036531283151389315 0.07073253065962448 24.9
0.03555707982292888 0.06802132206121214 24.93
0.0362643696320093 0.06830087943986529 24.91
0.03531146416122821 0.06112687306031139 24.94
0.03716313928595982 0.06875533301610615 24.91
0.03849443595709057 0.0699881481719612 24.92
0.037469507562029936 0.06447426988653848 24.98
0.03465211732700979 0.06758064993994506 24.91
0.04272344106991166 0.06715185358765463 24.97
0.0418090546332891 0.06414226147734214 24.95
0.03995611740056004 0.07170108718208557 24.96
0.04027945572066027 0.07450975307810326 24.97
0.04108743873007026 0.0669554737290694 24.93
0.04127160162241683 0.06868265369364235 24.97
0.041385607114312495 0.06784803389538496 24.97
0.040779519470275694 0.06927072618067187 24.97
0.041500961037251205 0.07619154968296404 24.95
0.04120278336212313 0.07052455139454206 24.92
0.04161518522230134 0.06405971740293881 24.95
0.03975759979340454 0.06582047421208714 24.99
0.04263369950053619 0.0645798681594415 24.97
0.040449471921168656 0.06152206741299959 24.96
0.0454308532681611 0.0689435225985 24.95
0.039820878593396336 0.06261247745599563 25.0
0.040782956328094144 0.058724623839936374 24.98
0.04066393793279499 0.06160077928023722 24.97
0.04221505636126177 0.06699435674471999 24.96
0.04105566846099318 0.0637474437456309 24.98
0.05223823845064002 0.07071047316526247 24.92
0.05259308418334607 0.0720625237028173 24.91
0.05019727916201788 0.07245688585703836 24.9
0.05039340676623183 0.07170060628416153 24.95
0.05152069697196637 0.07357853995096741 24.94
0.04967866124933662 0.07064090066210926 24.93
0.04850173499740695 0.06746541020610908 24.95
0.047614747532248924 0.06896397979293278 24.94
0.047067205824038894 0.06887025437345495 24.95
0.04952623777545284 0.06834282584911089 24.97
0.04423933497844823 0.0762467307532475 24.95
0.04280670610817605 0.06548781120250535 24.94
0.042355746770505354 0.06543109673916514 24.96
0.04132246141368712 0.06947116227110384 24.85
0.042468912581717255 0.07221883085952774 24.94
0.04076742049344817 0.06865882945639357 24.96
0.04246870830010108 0.07492112709537968 24.94
0.04470894386361424 0.07011257167231633 24.95
0.041693807830225915 0.06978359483158092 24.92
0.04343084399836228 0.06894897760251306 24.93
0.04543856705744209 0.0706905220600329 24.95
0.04498858669562511 0.07038153204905939 24.94
0.045384220845974155 0.07143990917891441 24.97
0.04754028652540965 0.06645075757139296 24.97
0.0475418379587903 0.07180425368606091 24.97
0.04609499842162701 0.07283100740155812 24.92
0.04780970590971945 0.07434526026045862 24.97
0.04587731283981822 0.0731973650408595 24.96
0.04875772237469678 0.07298285382018821 24.98
0.04572465506108003 0.0740227973687676 24.95
