0.037457592043636745 0.07632792704524538 24.94
0.04345940175903662 0.07045238279500099 24.88
0.03645980855534303 0.06864192381541101 24.91
0.03645980855534303 0.06722764529764758 24.94
0.04268921500169709 0.06945577376578849 24.87
0.0426892150016972 0.06809023151640892 24.84
0.037220969814737104 0.07140786233492846 24.93
0.0417467248077662 0.06649387780465887 24.9
0.04451980683046042 0.06821296221847462 24.87
0.04451980683046042 0.06963147264968361 24.85
0.041673853986019416 0.07207419775073176 24.91
0.036901943084174604 0.07129762968990494 24.97
0.04539865458022774 0.07099417859543389 24.93
0.036852118163116065 0.07300064528241734 24.95
0.03870882700916678 0.07251214540187823 24.96
0.04456380288524031 0.0698056166984603 24.86
0.04343904525231479 0.06567750767926239 24.89
0.037520326534366766 0.06862184456808151 24.98
0.04323891876817143 0.06825195188362798 24.89
0.04323891876817143 0.06723109640944813 24.94
0.036577672197732 0.05584815977932933 24.98
0.036577672197732 0.05643545903130898 24.97
0.0437000763515738 0.06381522397571682 24.91
0.038821942553892264 0.05610957403814543 24.97
0.03945941560771604 0.053149521713962145 24.98
0.04452342103727647 0.05687607929253513 24.95
0.0421178047412184 0.06432016936804341 24.91
0.0421178047412184 0.05710755988915006 24.92
0.04295103461761296 0.05734723396332897 24.91
0.038051862934290415 0.05216763438823435 24.98
0.037985573960285235 0.05846283907277239 24.95
0.037985573960285235 0.05348852724594322 24.96
0.044493077952645566 0.0618202779892808 24.93
0.044493077952645566 0.05982952230910432 24.93
0.04317395205792962 0.06338241766282993 24.93
0.04317395205792962 0.064594755252254 24.91
0.03898804588496885 0.05387709772336091 24.98
0.03898804588496885 0.05624910020147178 24.98
0.03705372262522644 0.05619817564593077 24.97
0.04181550718996829 0.06260995522966295 24.95
0.045734310569161774 0.061616427852506206 24.94
0.03791620210811819 0.05873972497920743 24.97
0.03840606015645742 0.05737220331823156 24.94
0.03840606015645742 0.056406448089961314 24.95
0.03925671310583012 0.05820114920457242 24.93
0.03925671310583012 0.06027347542984307 24.97
0.039745653587652585 0.05780745222190009 24.95
0.039745653587652585 0.05360967556567775 24.96
0.03803874709171684 0.05450378609422668 24.97
0.03803874709171684 0.05341529955717472 24.97
0.03805150831619808 0.05581786041179326 24.94
0.03805150831619808 0.05568169356695818 24.97
0.03718111275359437 0.053337496110775984 24.98
0.03718111275359437 0.05716912814500208 24.98
0.04068823588928383 0.05676893115102033 24.98
0.04703797330797865 0.06164539417616921 24.98
0.037386940129349955 0.054892444682490105 24.98
0.037386940129349955 0.05394157212043349 24.98
0.040626289394227966 0.060372462314375874 24.99
0.040626289394227966 0.0558533717132943 24.98
0.03786262867214785 0.06008266475488111 24.93
0.03786262867214785 0.05169602790493 24.96
0.03554876388933226 0.05957982638446435 24.92
0.03554876388933226 0.05051256200327903 24.98
0.03717813832696182 0.0633913070652039 24.94
0.03717813832696182 0.05359581966503757 24.97
0.03795912944330071 0.0670869989476709 24.89
0.03795912944330071 0.05171339340170422 24.95
0.03520090988589297 0.05570508409766872 24.9
0.038004672890729174 0.05425759601902669 24.97
0.03678390230362549 0.057998736306939636 24.92
0.03678390230362549 0.0495755583935682 24.95
0.036755856840889 0.0572483434938893 24.93
0.036755856840889 0.04748773637993142 24.96
0.03591175731782348 0.06248738758177508 24.91
0.03591175731782348 0.049080293350040494 24.95
0.037040480402861786 0.0637133740746032 24.98
0.037040480402861786 0.05157972583977766 24.97
0.03431259941313147 0.06243836731709751 24.93
0.034312599413131584 0.05530471550200522 24.98
0.030233114093996538 0.04926772296070181 24.98
0.030270370782466194 0.04643327888653703 24.96
0.02994528541656405 0.049450796272135444 24.96
0.029808845380231097 0.05271379036097512 24.95
0.030614754282292433 0.04584073065327299 24.96
0.0316360963406872 0.04870819898247791 24.95
0.030029949661824262 0.04847439546132337 24.97
0.03126056795396248 0.05007992265449046 24.97
0.031608352962274044 0.046254382201856625 24.95
0.03125142230310063 0.04837865170723887 24.96
0.03003638419616894 0.049704501876632445 24.96
0.029469405716651687 0.045203303857003885 24.98
0.02963305882947509 0.04487164868903748 24.98
0.030975104182076163 0.04398073753176135 24.96
0.02947665371706021 0.048016053129067315 24.96
0.04101447139206671 0.062308074357400156 24.92
0.030499152403393848 0.046958832085975954 24.97
0.03103638783727225 0.04831423594005868 24.95
0.031579424863906636 0.04560687295615029 24.96
0.030888489197244073 0.04548060937469112 24.96
0.02773182120422779 0.044052494750854154 24.96
0.027333318849865784 0.041957159706877856 24.98
0.026792950297039653 0.04525031312144434 24.98
0.026026443592392368 0.0445346072776962 24.96
0.02667795364508807 0.04424289140669502 24.98
0.026709417902427757 0.04577154785765447 24.97
0.026367662726446528 0.04227853682985894 24.98
0.027908212629061957 0.04246411406442807 24.95
0.027051984816472197 0.04342573108398928 24.95
0.02689212015605913 0.04567871402828616 24.96
0.027543290820416177 0.04034289630298249 24.97
0.028087695907287547 0.04389211913476332 24.97
0.027595445560446574 0.04594826548007258 24.97
0.026817054413306174 0.042639774031561606 24.97
0.027480939515165836 0.04225800228026688 24.97
0.026601792539908353 0.04417963831531724 24.95
0.02706099258987149 0.04586695614373226 24.98
0.02634163647173071 0.04406142615086284 24.98
0.026067731057253796 0.04317116282591482 24.98
0.02889361818447045 0.04335367690706382 24.98
0.030664670355911472 0.04489156505970893 24.96
0.028366728440169187 0.04577583810732255 24.97
0.029957736703955407 0.04513045889518863 24.96
0.029476829715523123 0.04152228788144763 24.98
0.029722205927438128 0.04011894699387364 24.97
0.028967043519774638 0.04679490837675304 24.97
0.029860141854482825 0.03959935680211435 24.97
0.029069524264267788 0.04199079263648042 24.97
0.029338035521477956 0.04265275843794225 24.98
0.030555293475076573 0.043988486371334456 24.98
0.02929033696168115 0.044810281848437605 24.97
0.029700817032107918 0.042789967144601926 24.96
0.028871667583647675 0.04179873729616279 24.98
0.02927951948190488 0.04540588432310755 24.95
0.02981316041790716 0.04222004444134231 24.98
0.029899958049787068 0.040647090269784525 24.96
0.029783320647546407 0.045426598638162674 24.98
0.03002436701728972 0.04297676564310293 24.96
0.030632958066927896 0.04134819221873276 24.98
0.028968844540975147 0.04413670223508892 24.98
0.02609237660007635 0.04038483339557364 24.95
0.02621412225954256 0.040583874082804616 24.96
0.027125382698095724 0.04172057676302943 24.97
0.028225184529876324 0.0441601669763213 24.98
0.02694362577296383 0.03916644360214194 24.97
0.027108718362743978 0.04160606355668828 24.96
0.027382969428703108 0.04051773255471369 24.96
0.02759150053827386 0.04140496479608491 24.98
0.028227522862114274 0.03883108887102282 24.98
0.027252138134972737 0.04132967894759443 24.96
0.026401112333105936 0.03821194225865543 24.95
0.02730585568256183 0.040650385795620525 24.95
0.026791983651118456 0.04394720744339731 24.97
0.026161991986005217 0.040574740517052676 24.97
0.026499086763038693 0.037232814634366784 24.98
0.026303113705653747 0.04597652342215508 24.96
0.026948669316026463 0.04217342402458546 24.97
0.026414456632598338 0.04133447024548342 24.97
0.025949559836863645 0.04125628355746658 24.95
0.02665707284681773 0.04142345559206784 24.96
0.03029690424325271 0.0432515976106862 24.96
0.03020013758660056 0.04632714910984026 24.96
0.028557645094374196 0.044314879342386315 24.95
0.02955191245378419 0.043718109120510884 24.96
0.029665864489799132 0.04670053919107897 24.92
0.02961054447852174 0.041104607801067394 24.97
0.02934154959539892 0.040787535203994696 24.97
0.029449427502225345 0.05088174698242465 24.96
0.03036836854044267 0.04424327479378232 24.97
0.029699492522383908 0.04453632698453458 24.97
0.02905813317717787 0.04518376867042173 24.98
0.029920840452735686 0.046431975257598124 24.96
0.029180054713049852 0.044704589654962934 24.95
0.030452790857676715 0.04768532238434231 24.96
0.028389656574322353 0.04187127963472037 24.97
0.029949157315989794 0.04087401246352551 24.98
0.030837486902401845 0.04234942339549008 24.97
0.02896264810264393 0.04314439667740255 24.96
0.030337300796238753 0.04179748473678513 24.95
0.030644488750631638 0.0469271834063556 24.95
0.026895807331154042 0.03846461196184425 24.98
0.026530118556007953 0.03794345701191748 24.98
0.026250195578523927 0.03818424742220261 24.96
0.027070904482763947 0.03769974586047864 24.96
0.025439475429820724 0.03802157250652838 24.98
0.026208086402136344 0.03999501463318278 24.96
0.02580302408142987 0.04100179253106229 24.97
0.026186256318653678 0.041304529526386524 24.99
0.025684578511295464 0.03915163387528209 24.98
0.02576693705922073 0.04213488996497328 24.95
0.026265148316490294 0.04020096264847084 24.95
0.026194529811853995 0.04295429788853167 24.96
0.025923753502573366 0.043342054813921616 24.96
0.026107654386174683 0.03819504227681103 24.98
0.026520990937055622 0.03944175305233644 24.97
0.025854534656262418 0.04047861741474923 24.98
0.025664223458402247 0.03858520949840949 24.96
0.026140337238528377 0.03848704156392191 24.98
0.02683340271418244 0.03592327177729959 24.96
0.025620273088465706 0.04160644289483828 24.97
