0.05575702336964283 0.07673342067073197 24.9
0.05795338400198857 0.07839925206440668 24.93
0.052772377717105745 0.08175900486625476 24.88
0.05858247069916611 0.08305219012197096 24.94
0.05552411504510557 0.0722640654340242 24.97
0.05552411504510568 0.06866821769478226 24.96
0.05745999619837516 0.0732623961410458 24.96
0.05745999619837516 0.07430274955921645 24.94
0.05226085702660099 0.0763810783125568 24.94
0.05226085702660099 0.07554402522647974 24.95
0.05231728724099516 0.07946421666308179 24.88
0.057788226896889894 0.08025179986953457 24.95
0.060995294254507004 0.08336464799324272 24.96
0.05277180708113971 0.07240606650200465 24.92
0.0575756657786638 0.08421366172110123 24.94
0.05461717666133492 0.07559975834900012 24.92
0.05694954092465454 0.08041732218269726 24.95
0.05694954092465454 0.07573522010613576 24.93
0.05340033250619758 0.07960028107606731 24.97
0.05805888003193582 0.07993198027234183 24.95
0.05210505129526444 0.08079278531119072 24.9
0.05210505129526444 0.07124971447373485 24.95
0.05608542835883812 0.07420999167391484 24.94
0.05608542835883812 0.07182078927011648 24.93
0.05182539747178405 0.07101051457249108 24.9
0.05182539747178405 0.06778450365340949 24.94
0.0546256663967416 0.07053881891532365 24.96
0.052421175688423305 0.06830748296484346 24.93
0.055426560907721245 0.078213229958221 24.95
0.053657795995247004 0.0752757763790699 24.97
0.05296857478427397 0.07818815937098067 24.92
0.05296857478427397 0.07519904386233744 24.94
0.055254513898135404 0.07690477824963238 24.94
0.05441351111072901 0.07073601620594361 24.94
0.05049878994527068 0.07116278693701295 24.93
0.05049878994527068 0.0710871391907203 24.96
0.050944263342444285 0.07900953857346138 24.9
0.050944263342444285 0.07266170218491763 24.96
0.05189885155399798 0.07757950076875375 24.91
0.05189885155399798 0.07288075800887694 24.92
0.04482926202332993 0.0721376558968092 24.95
0.04482926202332993 0.06823450702301126 24.95
0.04399360825456511 0.07492027022855918 24.96
0.04399360825456511 0.06999698277730304 24.95
0.043355371710154356 0.07246687899330195 24.95
0.043355371710154356 0.07122147051997363 24.97
0.0424130928084816 0.07294073223945274 24.95
0.05439938013545731 0.0705150527540952 24.9
0.04295854546642219 0.07027117005523609 24.96
0.04295854546642219 0.06722227674445602 24.95
0.043488606093217363 0.07331050829233665 24.95
0.043488606093217363 0.07428409258072877 24.94
0.043976515453788445 0.0737003175296117 24.95
0.043976515453788445 0.07157632565479743 24.97
0.05422291420943792 0.07992241561987579 24.9
0.04405724289904145 0.07256382598835442 24.94
0.05338772250874324 0.09346312184912065 24.94
0.0430670836608652 0.0683452349936432 24.97
0.0449173748682935 0.09385373144692111 24.97
0.0449173748682935 0.07187016171041749 24.96
0.03734552870284091 0.06640518997037115 24.96
0.03547037728350144 0.0707054428355528 24.97
0.03628748863527076 0.07044358726815636 24.97
0.037831545127461785 0.06415314630014124 24.93
0.037402680151327417 0.0649821282681593 24.98
0.03591718169670122 0.06871117558643147 24.97
0.035977739639383 0.06966968146999486 24.96
0.03694643859696056 0.07163814749678044 24.97
0.03578484729424514 0.07225588933413529 24.94
0.037671768837970965 0.0637282807909918 24.97
0.036987534935744915 0.07364045868582947 24.98
0.03565944339652494 0.06699492771043236 24.92
0.03741779909799847 0.07035017666023435 24.97
0.037358566422040385 0.06858238764071145 24.96
0.03703530312688241 0.06637797849199556 24.96
0.036080439078778004 0.06552966986135378 24.97
0.03732473379596957 0.07144619341658975 24.96
0.036800356161671766 0.06976863884081463 24.97
0.037875988849126796 0.06771363916587214 24.97
0.03710338159493343 0.06601993803513106 24.95
0.0466120498046011 0.07161411027088505 24.96
0.04551986068297187 0.06427103859138339 24.93
0.047657152489743115 0.07000466918165893 24.94
0.0468099872016049 0.06391584847793808 24.96
0.04572762368364114 0.06905425005621457 24.94
0.04648142637988739 0.06529410250823575 24.98
0.04515523349720041 0.0625604612603885 24.97
0.04565633858310192 0.06683867396977605 24.93
0.04612376606959956 0.06110045556895427 24.96
0.0440039093089587 0.06791522271437789 24.97
0.04410550112129852 0.06585227716489195 24.97
0.04698699835678266 0.06448098682738346 24.95
0.045535946063754884 0.06593404898974031 24.97
0.048201620020732694 0.06695238961831751 24.97
0.04586158062667889 0.061437989560773065 24.95
0.04518580871191569 0.06105405565171684 24.97
0.0455114866301044 0.06740243152307968 24.96
0.04825305142755043 0.06879117502004051 24.97
0.045302611796193215 0.06242597746747525 24.95
0.046034031508182194 0.06153068143867424 24.96
0.045285183966307874 0.06450548981365178 24.96
0.044796893169283813 0.05967200080711321 24.97
0.04387780828375365 0.060519720705011104 24.97
0.0445779449072341 0.059980708626710566 24.92
0.045527425003233146 0.0618373589685125 24.95
0.04449386571020275 0.05835644726854983 24.97
0.042868772711863845 0.05886744105419739 24.95
0.04263510956406735 0.06433236525351727 24.98
0.04541698908887082 0.0676003038388785 24.95
0.04559850071963556 0.06377568598284455 24.95
0.043876061172144154 0.06465595123151646 24.95
0.04369386045256207 0.0635079433760416 24.96
0.04612108986512897 0.06394141063571424 24.97
0.04369480085152089 0.058040539132085955 24.96
0.04197586893455929 0.06108930597510709 24.95
0.043730014925483784 0.06486537374215284 24.97
0.043371702800955925 0.06126119045887213 24.98
0.04396772090332546 0.059248331779218066 24.93
0.044095709484070045 0.06349477923502089 24.92
0.04317501634651277 0.05791321898638202 24.94
0.03835169056872123 0.05956791827034824 24.95
0.037224876129759554 0.057905117964845654 24.95
0.036884432920949894 0.05838416701721405 24.94
0.03952148725004734 0.05818292194616492 24.98
0.03862421888932199 0.06034135003421004 24.96
0.03686580161927666 0.059205496420523085 24.95
0.03704882514879726 0.05913682466251435 24.94
0.03761093194695453 0.05566974287491122 24.96
0.037145901214988286 0.05800019337263729 24.97
0.03897709411981054 0.06001017004933329 24.96
0.03593012453661559 0.06098996248714694 24.97
0.036465336592389375 0.057680766744076406 24.95
0.03706310003279911 0.060192196420036925 24.96
0.038227113537684376 0.0583807863146828 24.97
0.0377869896002625 0.059654961398143636 24.96
0.038542267404104824 0.05879523372090145 24.98
0.036979978028839344 0.06068721949198008 24.96
0.03612779984837233 0.057913122489055224 24.96
0.038850033045931376 0.060224645322747294 24.95
0.039674394110395084 0.0568188943928124 24.97
0.04000282237441222 0.06022972783378877 24.94
0.03866532463968175 0.05664610877207321 24.96
0.038152972751377634 0.0660513225486018 24.97
0.03865329237559678 0.057648970981062475 24.98
0.03979055357753314 0.05781946881918121 24.93
0.03795032885663152 0.0618474809091335 24.97
0.03952746089386361 0.061222531625022336 24.98
0.04008228546898929 0.058482570899059394 24.98
0.03895812579979985 0.06193463419150935 24.97
0.03822503546219791 0.06187953103577337 24.96
0.03818463161033803 0.06099226446121575 24.97
0.03756749761381273 0.06312714313823942 24.95
0.04006254602245729 0.061021736966222706 24.95
0.03993490330040084 0.06316576082873526 24.97
0.03951558740193761 0.06297356733040349 24.95
0.037451098317630604 0.05930466798349443 24.98
0.04077792712422468 0.06379508697704028 24.95
0.03920542179163289 0.05682253747188626 24.96
0.03994230560773071 0.06569706255280483 24.96
0.03917775159594883 0.05635015696996948 24.95
0.030007910313908037 0.05731008340531618 24.98
0.02757163293949727 0.05506209662364259 24.98
0.02883175434084917 0.06041646541312462 24.97
0.028777965434325536 0.05878820376752858 24.98
0.03133247730616617 0.057099201514279496 24.96
0.028708132753026416 0.054809432636373834 24.98
0.02906656038620159 0.055636540658765776 24.98
0.02782420185245571 0.0613753793817895 24.99
0.02812039675118372 0.05721445240586831 24.98
0.029016877340820924 0.05506364960606802 24.98
0.031615397627582364 0.06277838462034391 24.95
0.02835940060189035 0.05627890087757126 24.97
0.030209878343035235 0.057418199619727495 24.97
0.02911639570679836 0.054951782408391825 24.98
0.029128349426340794 0.0566138183141498 24.98
0.028536153715844503 0.05875340594049061 24.99
0.0317069310987651 0.05965914182545329 24.98
0.028324689555620064 0.05959634772373734 24.98
0.028751279031609456 0.053468386665976864 24.98
0.030043677158421933 0.05688594135895775 24.97
0.03751064457958686 0.05269469552946182 24.97
0.038430643415738874 0.06058195215763973 24.95
0.03823433419958566 0.06093371682210458 24.96
0.03950394430895732 0.06048493232874075 24.98
0.03815506592737672 0.059754826747321244 24.97
0.03915227949265698 0.058618113441564534 24.96
0.04037916859409252 0.05901923544410248 24.96
0.03844326279039223 0.057658828323708944 24.98
0.03847679825594352 0.06033006583596434 24.95
0.03890805128391184 0.055870172720012934 24.98
0.03760338726472401 0.061869357836173866 24.98
0.037102458444439046 0.061905428986332445 24.97
0.03730421430072628 0.058588175703215506 24.98
0.03811651014968842 0.05506824885938644 24.98
0.04019143830439975 0.05549934466999962 24.98
0.03889296816376031 0.059750607334972394 24.97
0.03910228062530674 0.05990627324522757 24.98
0.039606858396675104 0.05742700182540783 24.95
0.039037929824437656 0.0619272594676592 24.96
0.03694067004094459 0.06187772903072397 24.97
0.03191971663715765 0.05947723924104098 24.98
0.029439399056994553 0.056892984842218386 24.98
0.029814240378167378 0.055254043836837186 24.98
0.032634580072237185 0.05580898963755698 24.96
0.031050764457024704 0.057124329388216766 24.97
0.031337882949346696 0.05996530704624292 24.98
0.02948583409073935 0.057673096045677164 24.96
0.02952169630322854 0.057000719055685045 24.98
0.030754743359716508 0.05956535521398565 24.97
0.030976185791241062 0.05545063207379575 24.97
0.032132970144550965 0.05958655142560698 24.98
0.030239353207237363 0.06251390291063164 24.95
0.029520006940830346 0.05890358692546471 24.98
0.03215094084717296 0.06437507726578062 24.95
0.03127847302036568 0.05585174108821833 24.98
0.02973840064018196 0.05547755772747465 24.98
0.030375665524385642 0.05747560892183212 24.97
0.032972903425470323 0.06256222569723424 24.97
0.030653220656302826 0.05815991066481463 24.96
0.03103560401543537 0.060280305308839766 24.97
0.030739088369421408 0.05761694543259144 24.96
0.030191893117890056 0.05611952159169176 24.98
0.03118737910996272 0.055786057295172053 24.97
0.030377482519888255 0.056042107046799905 24.96
0.030441923168533114 0.05599173627164988 24.96
0.030395632855011456 0.05242934169898017 24.96
0.03083198937560294 0.059678609554156825 24.95
0.034321243706409765 0.05671644955198629 24.97
0.02944355392075504 0.052469237716194495 24.97
0.03116178582557494 0.05994494741330125 24.98
0.029826934444406872 0.055964011584505924 24.95
0.03028590726761493 0.0576934269638234 24.97
0.031799557058281636 0.05915624543214404 24.96
0.03083150497781717 0.05437673877372051 24.98
0.030572114990786936 0.05702685626395276 24.97
0.029593527386795992 0.05711236378635265 24.98
0.030556951377991193 0.05685593192756144 24.95
0.030257219204014807 0.05509914899702839 24.98
0.030044330837068478 0.055602033982270704 24.97
0.029098368922702345 0.05915976686084823 24.96
