0.10107725224862207 0.12759227475553248 24.74
0.08624041709046082 0.1398715867530076 24.85
0.08504947427653586 0.15454099900358742 24.78
0.11931175706353314 0.14257787129575628 24.65
0.10062332160440579 0.11629845671835293 24.74
0.08504099433916357 0.1263568653953735 24.86
0.08365581944056866 0.11647936386629743 24.87
0.08358086920114804 0.1406793360854831 24.76
0.12828442816677166 0.10906931423438981 24.88
0.10630824248828008 0.13479232803772945 24.82
0.04932018297708285 0.08750053040245509 24.94
0.04952295588888522 0.08522069021351542 24.97
0.04780625484801759 0.09256135936738119 24.92
0.04605603673733616 0.08577451493420551 24.96
0.04949886116987945 0.09192516426948316 24.94
0.04814664243473299 0.09003040805406992 24.96
0.04903928710794747 0.09094766357412876 24.94
0.04860805397126311 0.09239075798635876 24.93
0.047167247977876525 0.08842176560179071 24.95
0.04920841665514342 0.09354920770038544 24.96
0.051723908721209244 0.08205073052593415 24.93
0.048642826860672894 0.07677302834932187 24.97
0.051447187539775285 0.07544363287299449 24.98
0.053451091638687886 0.07864780671624672 24.92
0.05241710262421695 0.07551778986866708 24.98
0.050582076608367554 0.08195286990113781 24.93
0.05387653217036881 0.07942276946768534 24.93
0.05277147344783839 0.078135388253044 24.96
0.05229599923925876 0.07950659280177097 24.97
0.04969627207549221 0.07764035207162134 24.94
0.0432361125864863 0.08088912248563729 24.95
0.04379385607500441 0.08081614218552235 24.95
0.04232280614401884 0.08140945610533545 24.96
0.04400367036977704 0.08155044620183016 24.97
0.04501188257359401 0.0780618812400733 24.96
0.04359349042676597 0.08360917489526676 24.96
0.04142713871893122 0.07944882465501024 24.94
0.04438907856872221 0.07617470035320639 24.96
0.04265705956628496 0.07767766527573672 24.99
0.04284688020476257 0.07918829847024711 24.98
0.04760201615341453 0.075113487998966 24.96
0.049056287354074746 0.07794167764990201 24.97
0.04635277249920222 0.0769830268404702 24.98
0.04831411999139634 0.07570052618420986 24.98
0.04557741572228691 0.07691920232870886 24.97
0.047337186078514115 0.07654997104377026 24.97
0.04848734074396421 0.07065063317932174 24.97
0.04580022171234677 0.07856943611546985 24.97
0.047847424181242104 0.0785868172388352 24.95
0.04918886007613754 0.07751145714048335 24.92
0.046902193425685135 0.08002736520837883 24.93
0.045348947270831275 0.08368619677037958 24.96
0.04728492135753237 0.07825376693197494 24.95
0.04634551596646963 0.0803037244738366 24.94
0.045568684359877376 0.0788296130024898 24.92
0.045587798475078545 0.07819273120267278 24.93
0.04393816170875697 0.07847764684655123 24.92
0.04452495002829471 0.07803899886799381 24.95
0.046745367041014285 0.07894488176650494 24.92
0.04848871733748861 0.07928530003829559 24.91
0.044251500520105624 0.07060289903352557 24.96
0.044730489711606536 0.0706262858287684 24.96
0.04602059087752408 0.06878644314622528 24.95
0.043966835791639625 0.07352273969995082 24.94
0.04495806228497368 0.06852075784943357 24.96
0.04510228541102668 0.06710076823676847 24.99
0.04498380631631127 0.07425673171364044 24.96
0.044400202228868424 0.06877176872491864 24.96
0.04333466016296539 0.07069861911838826 24.96
0.046165287375986463 0.07053895677763267 24.97
0.03848496204890639 0.0634461753915947 24.96
0.042510205800601386 0.06796817770581864 24.95
0.04014847401202748 0.06141490607615241 24.97
0.03955452969175777 0.06160399239815928 24.98
0.040213115470540295 0.060038892074437245 24.98
0.0404034593186805 0.062140433855656485 24.96
0.038406558589711204 0.06444591873793681 24.98
0.039560416421230093 0.06246411689078224 24.96
0.04070014100248032 0.06271078272863007 24.96
0.03998300169433899 0.06373254040971743 24.98
0.03888483377046825 0.0671922957162926 24.95
0.03946139816335814 0.06836393669337315 24.95
0.04073799462155003 0.07011961237154185 24.97
0.040072035432167086 0.06576929108220986 24.98
0.039946100604243306 0.06815203349675003 24.96
0.03755031775408224 0.06592930659011653 24.97
0.0390525803999503 0.06390381097359166 24.93
0.03697856275230693 0.07016300224937111 24.95
0.03904552199202693 0.0673922616963939 24.96
0.03885158877867867 0.07099968029198767 24.96
0.04042549944781737 0.07257428106339059 24.91
0.04313532568594636 0.0770674551690087 24.9
0.03968718970903529 0.0761081979289745 24.93
0.041219975185623814 0.08315463342076024 24.91
0.04111069742696227 0.07497782585842216 24.89
0.040824766887047836 0.07366832540648016 24.94
0.04205072235954321 0.06837747004512418 24.92
0.040631476632905894 0.0779498661748389 24.91
0.041301128074736626 0.07544243467372114 24.94
0.04224482755137249 0.07592656029130507 24.91
0.04714525174777151 0.07021012202212529 24.95
0.0452267916667034 0.06931632815946542 24.94
0.046129217287382174 0.06948026490881332 24.95
0.04675883170191231 0.068883624365355 24.96
0.04644227515248145 0.06611036080358035 24.98
0.04558595296971857 0.07039450650147427 24.94
0.0499670956530861 0.06908939178156015 24.95
0.04837865776203498 0.06603654583693952 24.97
0.04626419347778754 0.07681614012465066 24.96
0.04589990764271501 0.0703272426696755 24.96
