0.06659576837869952 0.08241299984981298 24.94
0.051234963439133585 0.08345498836952137 24.95
0.05569746464893621 0.08509351772030005 24.95
0.053069937419344515 0.0795150229002155 24.97
0.05370381135858626 0.0867973972585746 24.94
0.05581748857319058 0.0854220960390698 24.96
0.0504928762340735 0.08257263442372775 24.97
0.056395681676534415 0.08219344317088162 24.94
0.05454010824929767 0.07987917986676552 24.97
0.050753748988049185 0.08156941558696029 24.96
0.03863343791793883 0.06291243053761653 24.97
0.03872308240454625 0.06428015936110199 24.97
0.03762973098845579 0.06804600478930078 24.92
0.03757772526124792 0.06626369274851496 24.94
0.03732202080723335 0.06259707346850563 24.95
0.03939630694112706 0.06269960687431708 24.94
0.04023561672918097 0.06362220072359148 24.97
0.039055500796015497 0.0600422771872392 24.93
0.040083755496534756 0.06394813871984495 24.95
0.039360640850363504 0.06548705302613711 24.96
0.04166661165079022 0.06052489552493112 24.97
0.043189960512243775 0.06600795935321957 24.98
0.04281196315045377 0.07089715564288024 24.95
0.03970591389147127 0.06018646240433145 24.94
0.04207639653756612 0.05855530114811325 24.96
0.04259209358279681 0.07204066644660012 24.96
0.04137413262959466 0.06180896745257125 24.97
0.04224529452009773 0.05990788289736093 24.98
0.04099494033050566 0.06373039138275072 24.94
0.042168763889425476 0.0629580962119799 24.98
0.04274500181076657 0.06128590650106447 24.95
0.043516560080432365 0.06806523811520437 24.99
0.04241728067905326 0.06602667597794809 24.95
0.04272126745131044 0.07034669719430253 24.96
0.04293754013141571 0.058932817322734476 24.98
0.04096282931543049 0.05855703702541337 24.97
0.041512188188035815 0.06305077658292324 24.94
0.04197089059560999 0.06147419338905924 24.96
0.04339688075307979 0.06501281046337581 24.96
0.04192241249952422 0.06440508940001988 24.98
0.03944443165532374 0.06583757857935746 24.92
0.04230089695176564 0.06755726393164252 24.97
0.04175617570496026 0.06198201454350283 24.98
0.039951395692648495 0.05847908039264771 24.95
0.04009036702724633 0.06095607994649799 24.97
0.04485686807074796 0.06938869059155617 24.95
0.041428275572045314 0.06586002084377085 24.96
0.04596609459737322 0.06816299932561387 24.97
0.042753770923658396 0.06408612104301692 24.96
0.046072370408696495 0.0630828478444676 24.93
0.0432938656721632 0.06032323047260901 24.95
0.04245400618305639 0.06307024087858581 24.95
0.041970524985939006 0.060514807710934204 24.95
0.040617351508764776 0.06215136568245616 24.96
0.04350932966022958 0.0689194761303128 24.92
0.04531314008223475 0.06391153065769728 24.93
0.04308955613660581 0.05954716696777995 24.97
0.04261910963810511 0.06296876917452776 24.94
0.04305316301635709 0.05967326810339868 24.96
0.04574028431679267 0.06716890465076364 24.95
0.04221043849229733 0.060075884705963034 24.99
0.04128356457706317 0.060906603644473645 24.98
0.042926338960717736 0.06829228470896798 24.95
0.04157123831885301 0.0639273588816498 24.97
0.04555002452374668 0.06065283116677511 24.95
0.041913727602275075 0.06143135753265261 24.96
0.04000205672831347 0.061214215990312515 24.93
0.04511518046023699 0.06237678018474624 24.96
0.0414559560649469 0.06222331452993113 24.98
0.04473645165513784 0.06449231243669917 24.98
0.03963514219079156 0.057232755611475006 24.95
0.04051774370793748 0.05977835955832078 24.96
0.03774126912136888 0.05792949730897323 24.89
0.03884486523452735 0.060103199386216444 24.97
0.03905229268595645 0.058239294049284074 24.94
0.04033385332905082 0.061301267599928044 24.98
0.039142506961605594 0.0584656207597416 24.95
0.03821329518914085 0.05898455682373838 24.91
0.04076176708270296 0.06366934610305042 24.95
0.041019879934017345 0.06462493912521028 24.94
0.03808750288216478 0.0646922596350783 24.97
0.03819930593066656 0.059636607334346614 24.97
0.03889886072852489 0.05931795570270382 24.96
0.037948103801345834 0.0619373325162208 24.96
0.03885351616188626 0.0632253915168084 24.94
0.03802727977732556 0.06418833585479988 24.96
0.036344501575404475 0.05985889358452168 24.95
0.036684158895725294 0.058395403530470236 24.96
0.03939780453115205 0.060946831500937715 24.96
0.03928241054602499 0.06534874593508566 24.98
0.032935651424080725 0.060916647307629246 24.93
0.03496914498019732 0.06255563065916703 24.96
0.03393623587631733 0.06135057654802878 24.92
0.03441723362646232 0.05814885190138275 24.94
0.03235980353862333 0.05909174841135367 24.96
0.03498923138733834 0.05289466054263248 24.97
0.034226335486639003 0.05816725221387875 24.95
0.03451122347835511 0.061058325888689535 24.9
0.033647935759579584 0.0601839480885451 24.95
0.033546774283034875 0.05699152670701191 24.93
