6.833839755795967363e-02 5.925102699212048130e-02 0.000000000000000000e+00
5.470427450657455726e-02 7.025154941933653419e-02 0.000000000000000000e+00
5.555459692183239984e-02 6.700922552917809583e-02 0.000000000000000000e+00
5.237885135620212740e-02 8.010830535308888223e-02 0.000000000000000000e+00
6.117178391901756385e-02 5.983438884374514544e-02 0.000000000000000000e+00
6.331205605776357714e-02 5.928435769084516860e-02 0.000000000000000000e+00
5.961108319275698619e-02 6.001875476183737845e-02 0.000000000000000000e+00
6.066604049747925664e-02 6.643492449235988140e-02 0.000000000000000000e+00
6.512275309448423144e-02 6.297768862923125432e-02 0.000000000000000000e+00
6.186746265885378904e-02 6.492039590256060144e-02 0.000000000000000000e+00
6.270943694673858371e-02 7.042835359888732771e-02 0.000000000000000000e+00
5.237885135620212740e-02 8.010830535308888223e-02 0.000000000000000000e+00
5.470427450657455726e-02 7.025154941933653419e-02 0.000000000000000000e+00
5.555459692183239984e-02 6.700922552917809583e-02 0.000000000000000000e+00
6.436950823937603872e-02 7.308536323812497848e-02 0.000000000000000000e+00
6.171586562093589468e-02 6.658792814514280511e-02 0.000000000000000000e+00
6.186746265885378904e-02 6.492039590256060144e-02 0.000000000000000000e+00
6.512275309448423144e-02 6.297768862923125432e-02 0.000000000000000000e+00
5.238885638060408745e-02 7.396996478324846525e-02 0.000000000000000000e+00
6.036035298342379285e-02 7.636534357292990016e-02 0.000000000000000000e+00
4.712786316788675212e-02 7.270227256224048862e-02 0.000000000000000000e+00
4.565309204387690833e-02 8.104648658284696605e-02 0.000000000000000000e+00
4.850152875910751504e-02 6.165112430591135340e-02 0.000000000000000000e+00
4.952167163435228225e-02 5.143917250108120953e-02 0.000000000000000000e+00
4.971815896528020140e-02 5.213854107511584068e-02 0.000000000000000000e+00
5.327344132826872247e-02 5.478597241548377461e-02 0.000000000000000000e+00
5.011550968408573503e-02 5.910823035277312787e-02 0.000000000000000000e+00
4.978318193055497609e-02 7.958450124255445068e-02 0.000000000000000000e+00
4.998162896716384918e-02 6.232955950989560456e-02 0.000000000000000000e+00
5.096021408946938003e-02 5.813045667577776410e-02 0.000000000000000000e+00
5.351629063791685237e-02 5.755367312288250936e-02 0.000000000000000000e+00
4.565309204387690833e-02 8.104648658284696605e-02 0.000000000000000000e+00
4.850152875910751504e-02 6.165112430591135340e-02 0.000000000000000000e+00
5.096021408946938003e-02 5.813045667577776410e-02 0.000000000000000000e+00
5.327344132826872247e-02 5.478597241548377461e-02 0.000000000000000000e+00
4.971815896528020140e-02 5.213854107511584068e-02 0.000000000000000000e+00
4.952167163435228225e-02 5.143917250108120953e-02 0.000000000000000000e+00
4.712786316788675212e-02 7.270227256224048862e-02 0.000000000000000000e+00
5.225310084958911805e-02 6.872706759008673227e-02 0.000000000000000000e+00
5.309965770365887572e-02 7.659083356286178201e-02 0.000000000000000000e+00
4.565309204387690833e-02 8.104648658284696605e-02 0.000000000000000000e+00
4.936716967461585170e-02 4.853358344084846010e-02 0.000000000000000000e+00
4.620454241006177742e-02 5.221106892781646192e-02 0.000000000000000000e+00
4.952167163435228225e-02 5.143917250108120953e-02 0.000000000000000000e+00
5.675678171112841230e-02 4.993277996623413095e-02 0.000000000000000000e+00
5.601892878441050438e-02 5.084010690086793183e-02 0.000000000000000000e+00
4.912971810962551977e-02 5.248934533706450800e-02 0.000000000000000000e+00
5.164719393187233720e-02 5.183926629131119235e-02 0.000000000000000000e+00
4.917540783378859803e-02 5.644036290112075527e-02 0.000000000000000000e+00
4.844644789587593259e-02 6.072117155304046499e-02 0.000000000000000000e+00
4.565309204387690833e-02 8.104648658284696605e-02 0.000000000000000000e+00
4.620454241006177742e-02 5.221106892781646192e-02 0.000000000000000000e+00
4.844644789587593259e-02 6.072117155304046499e-02 0.000000000000000000e+00
4.917540783378859803e-02 5.644036290112075527e-02 0.000000000000000000e+00
4.912971810962551977e-02 5.248934533706450800e-02 0.000000000000000000e+00
5.196631001887630497e-02 5.258330660488363950e-02 0.000000000000000000e+00
5.164719393187233720e-02 5.183926629131119235e-02 0.000000000000000000e+00
4.936716967461585170e-02 4.853358344084846010e-02 0.000000000000000000e+00
4.712786316788675212e-02 7.270227256224048862e-02 0.000000000000000000e+00
4.753869431484170072e-02 6.059884936829040836e-02 0.000000000000000000e+00
4.019245529612403001e-02 4.480004441637852608e-02 0.000000000000000000e+00
4.152278342494530872e-02 4.369541537983534507e-02 0.000000000000000000e+00
4.309698405069806171e-02 3.639756960091466986e-02 0.000000000000000000e+00
4.303085405098072691e-02 4.149251105686424523e-02 0.000000000000000000e+00
4.366370804364794189e-02 3.867984033727778215e-02 0.000000000000000000e+00
4.347606754717270316e-02 4.385033154425044266e-02 0.000000000000000000e+00
4.675844485048852306e-02 3.920557787096234925e-02 0.000000000000000000e+00
4.369450432129462492e-02 4.001210840111679712e-02 0.000000000000000000e+00
4.417790538341059836e-02 4.145935581251336544e-02 0.000000000000000000e+00
4.434517292254169796e-02 4.041999192730272306e-02 0.000000000000000000e+00
4.255787582059777918e-02 4.593967448326041758e-02 0.000000000000000000e+00
4.019245529612403001e-02 4.480004441637852608e-02 0.000000000000000000e+00
4.152278342494530872e-02 4.369541537983534507e-02 0.000000000000000000e+00
4.361783155691811853e-02 4.934693595584227488e-02 0.000000000000000000e+00
4.675844485048852306e-02 3.920557787096234925e-02 0.000000000000000000e+00
4.309698405069806171e-02 3.639756960091466986e-02 0.000000000000000000e+00
4.303085405098072691e-02 4.149251105686424523e-02 0.000000000000000000e+00
4.369450432129462492e-02 4.001210840111679712e-02 0.000000000000000000e+00
4.366370804364794189e-02 3.867984033727778215e-02 0.000000000000000000e+00
4.826660760998269240e-02 4.112189743507155271e-02 0.000000000000000000e+00
3.900248658863747497e-02 3.505857839000492415e-02 0.000000000000000000e+00
3.810060579946183967e-02 4.040363698389537461e-02 0.000000000000000000e+00
4.309698405069806171e-02 3.639756960091466986e-02 0.000000000000000000e+00
4.768450231844068021e-02 3.578283657684533381e-02 0.000000000000000000e+00
4.172955480758344660e-02 3.650040212288840902e-02 0.000000000000000000e+00
3.942706624434411111e-02 3.719645420328032692e-02 0.000000000000000000e+00
3.938254593465873032e-02 3.866016723119081178e-02 0.000000000000000000e+00
4.404812596531504365e-02 3.667525687188388783e-02 0.000000000000000000e+00
4.052254907634778025e-02 3.917413316591122907e-02 0.000000000000000000e+00
3.973593192563229515e-02 3.972436915371257982e-02 0.000000000000000000e+00
3.931462632014004477e-02 4.383705800150572429e-02 0.000000000000000000e+00
4.250281199942451682e-02 4.081463742739965816e-02 0.000000000000000000e+00
4.359763749455236592e-02 4.000624796323415389e-02 0.000000000000000000e+00
3.810060579946183967e-02 4.040363698389537461e-02 0.000000000000000000e+00
4.026147816194058926e-02 4.825103346573322849e-02 0.000000000000000000e+00
4.319206100388472969e-02 4.093306711313871027e-02 0.000000000000000000e+00
4.328812903471990214e-02 4.037880401220150794e-02 0.000000000000000000e+00
4.239333074040096960e-02 3.764199993733308158e-02 0.000000000000000000e+00
4.768450231844068021e-02 3.578283657684533381e-02 0.000000000000000000e+00
3.900248658863747497e-02 3.505857839000492415e-02 0.000000000000000000e+00
3.900248658863747497e-02 3.505857839000492415e-02 0.000000000000000000e+00
3.810060579946183967e-02 4.040363698389537461e-02 0.000000000000000000e+00
4.370863151466397589e-02 3.472718627315118933e-02 0.000000000000000000e+00
3.857684063662003560e-02 3.783248260539406882e-02 0.000000000000000000e+00
3.942706624434411111e-02 3.719645420328032692e-02 0.000000000000000000e+00
4.351601382445180466e-02 3.559193332177490454e-02 0.000000000000000000e+00
4.006576398000016859e-02 3.564672141323088628e-02 0.000000000000000000e+00
3.938254593465873032e-02 3.866016723119081178e-02 0.000000000000000000e+00
4.172955480758344660e-02 3.650040212288840902e-02 0.000000000000000000e+00
4.052254907634778025e-02 3.917413316591122907e-02 0.000000000000000000e+00
4.250281199942451682e-02 4.081463742739965816e-02 0.000000000000000000e+00
4.322692462509780675e-02 3.855342284749085913e-02 0.000000000000000000e+00
3.810060579946183967e-02 4.040363698389537461e-02 0.000000000000000000e+00
3.857684063662003560e-02 3.783248260539406882e-02 0.000000000000000000e+00
4.043471527713082825e-02 4.242642197927981584e-02 0.000000000000000000e+00
4.237611975825061883e-02 4.086310848159802056e-02 0.000000000000000000e+00
4.319206100388472969e-02 4.093306711313871027e-02 0.000000000000000000e+00
4.518818020197379326e-02 4.105321926226790374e-02 0.000000000000000000e+00
4.841294627254355554e-02 3.736991136144107717e-02 0.000000000000000000e+00
4.351601382445180466e-02 3.559193332177490454e-02 0.000000000000000000e+00
3.715471955523808045e-02 3.437102191026097930e-02 0.000000000000000000e+00
3.668843921739051162e-02 4.070061718865236600e-02 0.000000000000000000e+00
3.991926496181519290e-02 3.045654943728826058e-02 0.000000000000000000e+00
3.900248658863747497e-02 3.505857839000492415e-02 0.000000000000000000e+00
3.961402066320529602e-02 3.453848674978099442e-02 0.000000000000000000e+00
3.742411106074727822e-02 3.674361189004904382e-02 0.000000000000000000e+00
4.351601382445180466e-02 3.559193332177490454e-02 0.000000000000000000e+00
4.006576398000016859e-02 3.564672141323088628e-02 0.000000000000000000e+00
3.857684063662003560e-02 3.783248260539406882e-02 0.000000000000000000e+00
3.942706624434411111e-02 3.719645420328032692e-02 0.000000000000000000e+00
3.668843921739051162e-02 4.070061718865236600e-02 0.000000000000000000e+00
3.934614401746228118e-02 3.960824972774967812e-02 0.000000000000000000e+00
3.991926496181519290e-02 3.045654943728826058e-02 0.000000000000000000e+00
3.728754222693653197e-02 4.650812417127503373e-02 0.000000000000000000e+00
3.742411106074727822e-02 3.674361189004904382e-02 0.000000000000000000e+00
3.974346169566589371e-02 3.915036402787830383e-02 0.000000000000000000e+00
4.040758230318675093e-02 4.130014851818697430e-02 0.000000000000000000e+00
4.091717515803450222e-02 3.914100528688457814e-02 0.000000000000000000e+00
3.961402066320529602e-02 3.453848674978099442e-02 0.000000000000000000e+00
3.817068628860464941e-02 4.247224242351976820e-02 0.000000000000000000e+00
3.715471955523808045e-02 3.437102191026097930e-02 0.000000000000000000e+00
3.668843921739051162e-02 4.070061718865236600e-02 0.000000000000000000e+00
3.991926496181519290e-02 3.045654943728826058e-02 0.000000000000000000e+00
3.704793265820216508e-02 3.718832600231392060e-02 0.000000000000000000e+00
3.900248658863747497e-02 3.505857839000492415e-02 0.000000000000000000e+00
3.961402066320529602e-02 3.453848674978099442e-02 0.000000000000000000e+00
3.742411106074727822e-02 3.674361189004904382e-02 0.000000000000000000e+00
3.866083844790657587e-02 3.641819106827992591e-02 0.000000000000000000e+00
4.253869424856038250e-02 3.377775274370942160e-02 0.000000000000000000e+00
4.306763182298356529e-02 3.125876450716680299e-02 0.000000000000000000e+00
4.318777131014228665e-02 3.649283797154134756e-02 0.000000000000000000e+00
3.866083844790657587e-02 3.641819106827992591e-02 0.000000000000000000e+00
3.964130158789935798e-02 3.508692098112331514e-02 0.000000000000000000e+00
3.961402066320529602e-02 3.453848674978099442e-02 0.000000000000000000e+00
4.746770983989867521e-02 3.886756109525868474e-02 0.000000000000000000e+00
5.134543065780972082e-02 4.420860279128224768e-02 0.000000000000000000e+00
4.253869424856038250e-02 3.377775274370942160e-02 0.000000000000000000e+00
4.306763182298356529e-02 3.125876450716680299e-02 0.000000000000000000e+00
3.991926496181519290e-02 3.045654943728826058e-02 0.000000000000000000e+00
3.668843921739051162e-02 4.070061718865236600e-02 0.000000000000000000e+00
3.715471955523808045e-02 3.437102191026097930e-02 0.000000000000000000e+00
3.991926496181519290e-02 3.045654943728826058e-02 0.000000000000000000e+00
3.661353629313024438e-02 3.545281836830671551e-02 0.000000000000000000e+00
3.570877969421193399e-02 3.782184267908961228e-02 0.000000000000000000e+00
3.806573774336441396e-02 3.179386125144423314e-02 0.000000000000000000e+00
3.792363741961346513e-02 3.509044038535991117e-02 0.000000000000000000e+00
4.306763182298356529e-02 3.125876450716680299e-02 0.000000000000000000e+00
3.734842399500648558e-02 3.658243682433592880e-02 0.000000000000000000e+00
3.778917448862950668e-02 3.559789961154835591e-02 0.000000000000000000e+00
3.897523285358572842e-02 3.416586900511009439e-02 0.000000000000000000e+00
4.074712583227080298e-02 3.438022510798410813e-02 0.000000000000000000e+00
3.570877969421193399e-02 3.782184267908961228e-02 0.000000000000000000e+00
3.661353629313024438e-02 3.545281836830671551e-02 0.000000000000000000e+00
3.897523285358572842e-02 3.416586900511009439e-02 0.000000000000000000e+00
3.994490496507940858e-02 3.460461426541328045e-02 0.000000000000000000e+00
4.100099051421790541e-02 3.491647288503652025e-02 0.000000000000000000e+00
4.306763182298356529e-02 3.125876450716680299e-02 0.000000000000000000e+00
3.991926496181519290e-02 3.045654943728826058e-02 0.000000000000000000e+00
3.589252938702691687e-02 4.026235929150900894e-02 0.000000000000000000e+00
3.668843921739051162e-02 4.070061718865236600e-02 0.000000000000000000e+00
3.715471955523808045e-02 3.437102191026097930e-02 0.000000000000000000e+00
3.991926496181519290e-02 3.045654943728826058e-02 0.000000000000000000e+00
3.661353629313024438e-02 3.545281836830671551e-02 0.000000000000000000e+00
3.570877969421193399e-02 3.782184267908961228e-02 0.000000000000000000e+00
3.806573774336441396e-02 3.179386125144423314e-02 0.000000000000000000e+00
3.792363741961346513e-02 3.509044038535991117e-02 0.000000000000000000e+00
4.306763182298356529e-02 3.125876450716680299e-02 0.000000000000000000e+00
3.778917448862950668e-02 3.559789961154835591e-02 0.000000000000000000e+00
3.897523285358572842e-02 3.416586900511009439e-02 0.000000000000000000e+00
3.980255446967828625e-02 3.288686558193298914e-02 0.000000000000000000e+00
4.015797714857338718e-02 3.421565652345626152e-02 0.000000000000000000e+00
5.016544741652162465e-02 3.501203068203739832e-02 0.000000000000000000e+00
3.570877969421193399e-02 3.782184267908961228e-02 0.000000000000000000e+00
3.661353629313024438e-02 3.545281836830671551e-02 0.000000000000000000e+00
4.093500986445808287e-02 4.628768728796184284e-02 0.000000000000000000e+00
3.897523285358572842e-02 3.416586900511009439e-02 0.000000000000000000e+00
4.074712583227080298e-02 3.438022510798410813e-02 0.000000000000000000e+00
3.994490496507940858e-02 3.460461426541328045e-02 0.000000000000000000e+00
4.306763182298356529e-02 3.125876450716680299e-02 0.000000000000000000e+00
3.991926496181519290e-02 3.045654943728826058e-02 0.000000000000000000e+00
