0.07242749495106116 0.10328875431583351 24.89
0.07330499190494133 0.10189069745108059 24.92
0.07307832022524352 0.10212279517904588 24.92
0.07414314369711417 0.10187282448000246 24.91
0.07481309737176911 0.1015084860847627 24.94
0.07759101197479112 0.10192915858320206 24.95
0.07688938898798736 0.09747829460863333 24.97
0.07532380983312703 0.10022207540103223 24.88
0.07413951382343353 0.10406605689028381 24.92
0.07349749463021982 0.10200866941711295 24.94
0.07143835432341872 0.09877068208482642 24.88
0.0699464227042137 0.09227820645956142 24.91
0.0737599628489134 0.09587524509709933 24.89
0.07058411074845627 0.0889699170051318 24.94
0.07071503751157238 0.09208566661152529 24.89
0.07012480874565608 0.09646569602685662 24.89
0.07055564565297912 0.08810754457546466 24.94
0.06885251800124281 0.0907032715454591 24.9
0.06960695501842129 0.09850522027957298 24.91
0.06868100978678526 0.0884921461913174 24.94
0.07564402972709805 0.08621916108690408 24.93
0.07524878890782516 0.09152731536295033 24.91
0.07325719699094335 0.08691085864114301 24.95
0.07309805048307405 0.0884641178624076 24.87
0.07492228856935568 0.08631122858901352 24.9
0.07253913363066611 0.09177779038835054 24.81
0.07317148168318166 0.09231424073124317 24.95
0.07631880210406283 0.0903474046548558 24.9
0.07198903554910441 0.09153098110827873 24.87
0.07706062302825034 0.08786880141029829 24.95
0.06832679319111801 0.08901564453739141 24.9
0.07331028528645889 0.08792726542455909 24.86
0.0726921588125764 0.08464776182521794 24.96
0.07046058923446952 0.07602800549391542 24.95
0.07102135025371803 0.08184927547605281 24.91
0.07239571128695232 0.09427371872847923 24.93
0.07194451400402069 0.0848640104277979 24.94
0.06752857513280819 0.09318572457242813 24.91
0.07607815040935184 0.08766718349770275 24.85
0.06831337856868702 0.0904442687832977 24.83
0.06866073269631257 0.08463930202353287 24.92
0.0725604174485055 0.08642363599266645 24.92
0.07496659180764864 0.08954224282885048 24.91
0.06912240332422914 0.0893717178638318 24.91
0.07073311458567433 0.08950278025708192 24.91
0.07318724076608507 0.08732855361039227 24.92
0.07256575784183439 0.09651658655510853 24.95
0.06917684594890428 0.092734855624788 24.91
0.07345916052781287 0.09106393479454067 24.91
0.07498108753032118 0.09433908073500763 24.86
0.07141577492144091 0.08147504871601285 24.94
0.07119378419422162 0.0813722010560669 24.94
0.07233395439730106 0.07621822565859926 24.91
0.07188520393440567 0.08726987664633068 24.91
0.0738015158154316 0.08605521074053091 24.89
0.07248454098304635 0.08548599252631695 24.93
0.07114908996830627 0.0792284822938204 24.94
0.07371584413590371 0.086295950864542 24.88
0.07124729266663565 0.0818084096841285 24.91
0.0744718890408913 0.07814320859178547 24.95
0.07421568969143877 0.08925600437935177 24.91
0.08043675420238972 0.08583673470391617 24.89
0.08074961362641786 0.08549617181838287 24.87
0.07957713256935373 0.08138665394488642 24.91
0.0799446613138266 0.08204332426739613 24.87
0.08325972444403762 0.09538440266252335 24.94
0.07412685475308123 0.09127998218186528 24.86
0.07515601626969015 0.08012257219160324 24.89
0.07376210876800116 0.08285429145686718 24.88
0.07831148452150605 0.08137833258725446 24.94
0.07937741131196663 0.08643752514204583 24.9
0.07838643408134727 0.08701589945563137 24.89
0.07748353757059734 0.08089887116473282 24.88
0.08106293219938532 0.08578364799622507 24.86
0.08133528130093681 0.09126953192565235 24.9
0.0827905731193872 0.09535235557703647 24.86
0.0824911824673531 0.0912153770763503 24.89
0.07418696145710557 0.08648476454725484 24.89
0.07772500579827768 0.08209726596397715 24.92
0.08238081872814396 0.09322939954496756 24.88
0.07998848415165571 0.08966915202530235 24.89
0.07961663750289394 0.07903165077638197 24.89
0.07993102144223185 0.08228643603542674 24.93
0.08213653597221549 0.08751518314279816 24.94
0.0821099346038281 0.0867818115068707 24.91
0.07685043214299414 0.080400000025042 24.9
0.07902731195424806 0.08679806082309616 24.96
0.08175531635442967 0.08472022232922616 24.92
0.07830384916187472 0.08467731642013021 24.91
0.08356805759848851 0.09172258180345305 24.87
0.0786975502607179 0.08494759226835069 24.95
0.07674791070175158 0.08664603879261579 24.94
0.0819173740113186 0.088493530875425 24.93
0.07536325456818549 0.0857617541418727 24.92
0.08052439826936275 0.08924793346939508 24.92
0.07578886259888828 0.08342016876095681 24.93
0.07937882918692751 0.09254229437885997 24.96
0.07841578460970533 0.08858385984926154 24.92
0.0787383290826622 0.09076956549990256 24.92
0.0777281351129695 0.08222441550406134 24.91
