0.12056405368935841 0.13625859140956176 24.85
0.116150046630903 0.1175935743605091 24.82
0.143995269506207 0.09831301537980408 24.86
0.12261504756229102 0.13528885081894826 24.83
0.11217979490981778 0.13987889774507334 24.84
0.1404643790219634 0.1291447710188045 24.81
0.12841016492139357 0.11085392445771658 24.87
0.11242351489625446 0.12366431096892005 24.81
0.11234287000279497 0.11513142666986953 24.81
0.11896102977159861 0.12940064127602557 24.87
0.07732277776937779 0.09607040385144772 24.89
0.07491109200481716 0.1015788323621315 24.8
0.07542239651815885 0.10203695554981929 24.79
0.07687295391033588 0.09643929441881638 24.87
0.0757481683318969 0.0971238877005628 24.87
0.074676011824521 0.10162014110910988 24.85
0.07243469867609942 0.09575052090695935 24.8
0.07547138670688336 0.0922473321992876 24.87
0.07364732741549362 0.10053401844689747 24.87
0.07659776307497979 0.10514667777973385 24.81
0.07034962703185021 0.10470446876856454 24.85
0.06998109329477786 0.09011822602984099 24.92
0.0719969682771775 0.08888527434695048 24.88
0.0700957571744476 0.09152881492406006 24.89
0.07019982277483194 0.0998119662250514 24.88
0.06687630203518002 0.09862730960111998 24.93
0.07340683640726842 0.0951911222228311 24.89
0.07178071048858159 0.0919745193639322 24.91
0.07208812623497307 0.10376351328589761 24.88
0.07016684892534542 0.09832201092272586 24.92
0.06610313510145716 0.09204286067141543 24.93
0.06642759267370646 0.09288658110175807 24.95
0.06649736995556854 0.09421899405302636 24.9
0.06824541336947065 0.09747153121013286 24.9
0.06699612159959711 0.08857457803724078 24.91
0.06843882712154459 0.1023063844851988 24.84
0.06716020598694261 0.09157843715309999 24.92
0.06780418650074649 0.09189837365063214 24.86
0.06488386116821387 0.09523958037312552 24.91
0.0671371635025817 0.09615128669604134 24.85
0.06858629198252575 0.09356775829107744 24.84
0.0731411352164213 0.09245258432822057 24.9
0.07064467571605648 0.09733704311420355 24.9
0.07264860096509507 0.09681358327622691 24.87
0.07285826923942962 0.09106846445729844 24.88
0.07085213163820359 0.10006520292597021 24.88
0.06742884634959978 0.08829572693660648 24.91
0.06909536596691945 0.0929936631621584 24.92
0.07381790793834964 0.09930029902625592 24.86
0.07136507922905455 0.10689288450399881 24.77
0.0768206927914642 0.0987415712493166 24.89
0.07895636775152115 0.10121260176386304 24.91
0.06980080997210425 0.10239157174502866 24.84
0.07143036908020017 0.09852527495501595 24.84
0.0674361447852877 0.10408320938224502 24.91
0.06870360212704374 0.09849116662985635 24.9
0.07376191748922434 0.09553993768010227 24.91
0.07150512316062685 0.10539316663154574 24.76
0.07252502577977449 0.10227770821634108 24.85
0.07174641511087576 0.09979853169976649 24.82
0.07153051318960979 0.10341882629248611 24.91
0.07256394968954138 0.09174554552495806 24.91
0.07389802902360554 0.09329069805033863 24.91
0.07263877539387531 0.09875789487370878 24.86
0.0709960269672617 0.1004609457549438 24.88
0.07409239939457324 0.09732466501141901 24.89
0.07324480316542004 0.09573241225749074 24.93
0.0757147176228361 0.09800231282776051 24.87
0.07341122196943872 0.10068486401225185 24.89
0.07346894594216868 0.0924095300956097 24.89
0.07336914185443211 0.08823193480516489 24.9
0.07921982576361342 0.09952526773993542 24.91
0.07719553990638994 0.0922652573214715 24.9
0.07653798777192744 0.09333333250234022 24.95
0.07898216862518381 0.09131171100740143 24.93
0.07754294891013014 0.09514709423733492 24.9
0.07399534125947882 0.09357539817328575 24.94
0.07547443818038635 0.09506962741173008 24.87
0.07642002958871441 0.08727835439994758 24.93
0.07665172022160915 0.09229734716243543 24.92
0.06780148473770098 0.09193447180747993 24.95
0.07106441791088391 0.09078017334970578 24.92
0.07035148193430718 0.09771453857277834 24.93
0.07008546912550484 0.09660908930278511 24.91
0.06885614019052766 0.09393469320791847 24.92
0.06866620832383774 0.09563999528656675 24.9
0.06893093256989291 0.09365810066083735 24.94
0.06765479820084142 0.09421185736957072 24.95
0.06922125603089013 0.09701110637841193 24.92
0.06948319703614103 0.09386581069073319 24.91
0.079970348622044 0.0966769300727015 24.92
0.0738863336987966 0.09255992338656538 24.88
0.08047749327441123 0.09177087156657293 24.95
0.07811091497202238 0.09427232462400481 24.91
0.0758303257059556 0.09811932111302557 24.83
0.07916739981288567 0.09663991209070943 24.91
0.07557904528712844 0.1014455162429917 24.9
0.07587718323951875 0.0891861720015159 24.91
0.07746385377402998 0.09533661640217939 24.92
0.07934715504540113 0.09737771469840684 24.86
0.07292918402498216 0.09095588288305889 24.92
0.07475007440318704 0.10017520818557879 24.9
0.07470896938052773 0.1023938973767966 24.89
0.07166675559142832 0.10178267810825925 24.9
0.07602818602695394 0.10254788857698816 24.92
0.07386375250945176 0.09701026175869043 24.9
0.07555989336231206 0.10523747728056687 24.85
0.07564051707509345 0.10638645213761821 24.93
0.07200989607150232 0.09440007717239096 24.95
0.07217185432795725 0.08705038444414559 24.95
