0.13115794234874145 0.17566851462064492 24.81
0.1171859651285283 0.13507529778740235 24.8
0.11332610516288566 0.1233841063211285 24.8
0.15702271810733337 0.11585141088677986 24.79
0.11731515947971294 0.11140132024493776 24.78
0.11140036266995035 0.122756050721879 24.71
0.10758327725256178 0.10904421459088287 24.82
0.08794575234774671 0.13033190800869632 24.74
0.09357150457006969 0.13714710170991684 24.81
0.09868819872834356 0.12089781293552149 24.91
0.05229881622488575 0.0799843585675285 24.93
0.06580701399775335 0.085401312026824 24.9
0.05312791399288341 0.07685846184524625 24.96
0.05312791399288341 0.0747177345167448 24.97
0.05039728549916134 0.07565131261002844 24.98
0.05039728549916134 0.0766979943827174 24.98
0.05015693160823742 0.07273503426598182 24.97
0.05015693160823742 0.07299906275157308 24.97
0.05130331907638719 0.07941956231649272 24.93
0.05130331907638719 0.07887940887169476 24.97
0.05181431532212177 0.07782584441659268 24.94
0.05181431532212177 0.07771915907597426 24.95
0.05329479583050545 0.076872934959475 24.94
0.05329479583050545 0.0729029777212934 24.96
0.061813607855040975 0.08721557132575886 24.87
0.05016755410056872 0.07981171778025398 24.94
0.05083979731688393 0.07885730002620817 24.97
0.05083979731688393 0.07653456902683742 24.98
0.052759315199696566 0.07931869676002634 24.98
0.052759315199696455 0.07607765622976448 24.97
0.042086341123094395 0.06933717354714974 24.97
0.042086341123094284 0.07133704875526836 24.98
0.043136433208514124 0.0693800032080677 24.97
0.043136433208514124 0.06652276647125821 24.97
0.04248222019399672 0.07530436833588072 24.96
0.04248222019399672 0.07196570006846836 24.96
0.04221017091625168 0.07313015031070236 24.95
0.04221017091625168 0.07297599050535841 24.98
0.04248107290571357 0.06889125813611074 24.94
0.04248107290571357 0.07209837120495732 24.95
0.042205213616243964 0.06585898544718771 24.98
0.042205213616243964 0.06931838402130541 24.97
0.0431244524621357 0.07655129202742217 24.93
0.0431244524621357 0.06934225286899087 24.96
0.042910526561992235 0.07329354851445036 24.94
0.042910526561992235 0.06993396787254524 24.96
0.042804111995699556 0.06704097443897783 24.96
0.042804111995699445 0.06816984150910099 24.93
0.04287830570231921 0.067566927166682 24.95
0.04287830570231921 0.07057516581668166 24.96
0.040826929365011644 0.06543444020433442 24.96
0.040826929365011644 0.06531096088911559 24.97
0.0396351812543182 0.06384229040995659 24.97
0.0396351812543182 0.06745603170263237 24.95
0.041776346247601404 0.06643529147396832 24.97
0.041776346247601404 0.0679560284311106 24.95
0.04235267063730119 0.06936052182003227 24.93
0.04235267063730119 0.0674071809908725 24.96
0.03978710532793006 0.08192004686479781 24.91
0.03978710532793006 0.06598875377535185 24.97
0.041576600361479255 0.0874114430631433 24.86
0.041576600361479255 0.06531425126219703 24.94
0.040967757459455356 0.08483180402105728 24.85
0.040967757459455356 0.06750967653117113 24.97
0.0404269736100753 0.08322240844131423 24.89
0.0404269736100753 0.06363167564340044 24.97
0.040209980780369525 0.08582351932488119 24.83
0.040209980780369525 0.06670854457971587 24.98
0.03988547008061771 0.0816174397134789 24.9
0.03988547008061771 0.06386465266541519 24.95
0.034794624884493475 0.049875467574544086 24.97
0.0331052790811307 0.04963353627568967 24.95
0.03575620926754741 0.052461343205418176 24.97
0.03345747775606911 0.04881518591410394 24.96
0.03355364185921772 0.049741497033234716 24.98
0.0327358772180808 0.048116210692768835 24.96
0.03394250347811134 0.05058690652028219 24.96
0.03284255577018369 0.05479280731744596 24.98
0.03354521348757644 0.0506684357444247 24.95
0.03544109723908628 0.049238217731008116 24.98
0.03364305689244029 0.056253857430824006 24.94
0.03368566677825835 0.04820591696102927 24.97
0.034466147043553885 0.054215287721241734 24.98
0.03384084505220886 0.04952440305148553 24.98
0.033502519665967734 0.05271233825248989 24.95
0.033953547067727796 0.04824954247871527 24.96
0.03385480873005975 0.05330535014559057 24.97
0.03541020955462837 0.04789208215870344 24.97
0.0349148389065459 0.05210292539202255 24.96
0.03369176300856114 0.052283450044348756 24.97
0.032603157060446364 0.05205024626704813 24.97
0.03253941284353612 0.0528288017109948 24.98
0.032423824106489585 0.0528748854901856 24.98
0.03337802069923712 0.05356322034784067 24.97
0.03210970357285281 0.051741844412454885 24.95
0.03147752885998234 0.05138329865320057 24.97
0.03261199751973731 0.05326306695123262 24.98
0.031012612732682077 0.051636926597959154 24.97
0.032202698937184526 0.05334769785136362 24.98
0.03124268561217025 0.05042115009043979 24.98
0.03153437100450063 0.050937745132556 24.98
0.03208848595415004 0.05228877099469542 24.96
0.033777866805879464 0.05781827964818165 24.92
0.03408526171258486 0.05246626362428797 24.98
0.03301631108636416 0.05453826161421982 24.97
0.031897143180649845 0.05325948261543456 24.96
0.03305117057521012 0.050253797795462796 24.96
0.032053708696455296 0.048754319539118574 24.96
0.0326172641507908 0.05039114066020234 24.98
0.03309149798808031 0.054448896389648116 24.95
0.03171658035005687 0.052330010986685216 24.95
0.030706190775196096 0.05686120693206431 24.95
0.0305175806883915 0.05662746669942764 24.93
0.03072666741463803 0.0552623678490326 24.93
0.032053085806756365 0.05992647352326419 24.92
0.0315268338001361 0.05664040022991912 24.93
0.03195936158536028 0.057880739372941914 24.92
0.03169796220972332 0.05223451459785122 24.97
0.03230772787854719 0.056094643293771895 24.95
0.03134760068005593 0.05420443429534527 24.92
0.032939885739659 0.052393657884637346 24.95
0.031697005789875776 0.05510631813360223 24.93
0.0311957995918154 0.05618790369141469 24.93
0.0312986659997162 0.052039762834250936 24.96
0.031940999951894145 0.05298108050464423 24.96
0.03192921616348554 0.05717337871754691 24.95
0.03002106057964138 0.05662497862298821 24.93
0.03228529387530232 0.053568027193948264 24.95
0.031373925570452155 0.05386391278640845 24.95
0.03201124223188245 0.057145585861260506 24.95
0.03011125481982846 0.05227645821678151 24.93
0.028758345820898756 0.05050636656520224 24.94
0.03205488434507553 0.04732660417208767 24.95
0.0297899166479908 0.05052475696477676 24.94
0.030160161020220455 0.04686249882532645 24.95
0.02947945031578314 0.051668409354757916 24.96
0.0295743209147713 0.05065266464324991 24.94
0.030855692112263022 0.04998050381076369 24.93
0.02990487949775167 0.05163966371919515 24.91
0.030092138353265296 0.051639738036885596 24.92
0.030430833268728086 0.047564331466283805 24.9
0.03019831870086731 0.05182951472796615 24.93
0.02865464606187018 0.049557104651197226 24.95
0.03109619552388443 0.052637037358510996 24.92
0.02917201670534897 0.04965750126016877 24.97
0.028863288841087464 0.047011665089379595 24.95
0.029051904271865214 0.050213138397751655 24.93
0.02965999829398125 0.05037386065518168 24.94
0.030439375429925142 0.05291654045705163 24.92
0.029862368037100406 0.04970748662145075 24.95
0.030344463235901453 0.04973824610071487 24.98
0.031756147105126864 0.048749970193938896 24.97
0.03117491789587712 0.05325523732562809 24.94
0.03194355544431804 0.05186011637198651 24.97
0.02993585517315467 0.050669104578503155 24.97
0.03295778800267646 0.049805676773663654 24.96
0.031023239785247902 0.050371189352744206 24.96
0.029970050285836325 0.04943830240959357 24.97
0.03222173883857704 0.04791956584659829 24.99
0.030475630773536544 0.04803064908872001 24.99
0.032573221760917814 0.05288944839457588 24.94
0.03236253403117917 0.05129096986392068 24.98
0.030759581702227812 0.05306552128614539 24.96
0.03188458280224238 0.0489143368992494 24.98
0.03305551946573149 0.0476902196976795 24.95
0.03146078359734861 0.05417320233693124 24.98
0.030242817548205347 0.05127048471308593 24.96
0.031102606752158923 0.053308873127300704 24.95
0.03257437405421337 0.05206140808098436 24.96
0.0326123091549273 0.049721012899467065 24.98
0.03126730389731702 0.051151693949695654 24.94
0.029719042277685737 0.049503364361682234 24.97
0.03040066456006063 0.053315712676962446 24.97
0.030180892820373062 0.05009427326810412 24.97
0.03217400389845271 0.059466884290492406 24.93
0.031703264635228434 0.05574734310450746 24.95
0.03039869088109326 0.05538232644182939 24.96
0.030943352468118634 0.05356386485211406 24.95
0.03160679163350877 0.053216552988825994 24.96
0.029347153204229537 0.05157515007518143 24.95
0.03173227728493222 0.05316887755363975 24.94
0.030450556226199743 0.057735153488842506 24.94
0.03213772142885474 0.05111183993896928 24.95
0.0311593706863309 0.053995162505910965 24.94
0.03222147460675884 0.05035763150833916 24.97
0.031219584492299557 0.051759053299766045 24.97
0.03326901408347016 0.0511356945506759 24.96
0.029715350960995535 0.05197726712858364 24.98
0.03093116779900018 0.05219645003637563 24.96
0.031108989696575162 0.05501792183280174 24.97
0.030953399572200446 0.04999689728359091 24.98
0.03236074894691143 0.04967610269648959 24.96
0.0314133566769903 0.05334873361509296 24.95
0.032372056970302654 0.0499108724859062 24.98
0.03351645569743189 0.049510082246621456 24.94
0.03231969012886704 0.0503408442790908 24.97
0.032015890481341236 0.04951434315147807 24.97
0.031238945310768096 0.04966334617483392 24.97
0.03334160272941189 0.05187545626942536 24.97
0.03292087633553331 0.05316561099701178 24.96
0.0319979195076705 0.05133910029755773 24.98
0.0331338228075283 0.05413802101592724 24.98
0.03206552706686894 0.05446384939681881 24.95
0.03248332966084344 0.05566689919110712 24.98
0.032640247285507185 0.05076868481351582 24.97
0.03229849247394245 0.05351276622437651 24.95
0.03260476260919065 0.04656275150731526 24.99
0.033760444231894504 0.05657290536186821 24.93
0.031133844895212426 0.047508176414339576 24.96
0.032729806727509914 0.05007499833488849 24.96
