0.05278685550905582 0.08411427153110107 24.95
0.0569719986518491 0.08659170979949171 24.94
0.05630396896064449 0.08833248677879213 24.95
0.05361101435453686 0.08804638296078526 24.96
0.05310103464335991 0.0898552629446907 24.92
0.05592517558734056 0.09000035298737219 24.94
0.0546775750320283 0.08973227440485576 24.95
0.05866730576135293 0.08966209077830323 24.95
0.05697793790543304 0.08441868448453282 24.97
0.05991949439758126 0.08511766702872892 24.93
0.04824122921480023 0.08772780055922058 24.94
0.047689995562284815 0.08539281967187817 24.95
0.04757429617833342 0.09344924462903914 24.94
0.04562679995789243 0.08817604709593696 24.92
0.04797046580209785 0.0893306162235783 24.92
0.046729407454795036 0.08983706849799555 24.93
0.04765507644391054 0.0887734022323321 24.94
0.04599639255509169 0.09226420275979474 24.93
0.04864019855619939 0.08868900551431291 24.93
0.04717892296645121 0.0897626626753083 24.96
0.04708556957860344 0.08474984826116316 24.93
0.04693411537456971 0.08322168353909243 24.93
0.047509643691966974 0.0833415823561684 24.96
0.04988357964193524 0.08037964274328757 24.93
0.047365877742062135 0.0806518554834007 24.93
0.04697870524716885 0.08563825644411227 24.92
0.0474479684987934 0.08116105145904895 24.96
0.04678140501823547 0.08601949014169519 24.92
0.048305780773749474 0.08593079207502641 24.93
0.04745220600373867 0.07946483416394456 24.97
0.044940439166767154 0.07531033107335572 24.97
0.04298850061644577 0.07324720208280011 24.96
0.04349005444145637 0.07204407550652225 24.98
0.04584134848356092 0.07157888414806779 24.95
0.046206442900879496 0.07795538185854356 24.91
0.0443872400562586 0.07654824626895906 24.97
0.044455838225208155 0.07002866954020948 24.97
0.0437181776089508 0.07651653020954496 24.96
0.046662970058143904 0.07930106189715447 24.95
0.04244577171445285 0.07237801614272954 24.94
0.0440475032116755 0.07299001910876701 24.93
0.04392114140388881 0.07356346508428824 24.94
0.04504096781598543 0.07609720174555634 24.89
0.04422033459931318 0.08314086688095101 24.88
0.04279729133697896 0.08116367203790464 24.91
0.04604130797426764 0.07135991073452486 24.96
0.04357655943048999 0.07357016940267469 24.93
0.04426598664147163 0.079910120257485 24.93
0.04531802487681813 0.07698879516258161 24.88
0.04404676503528937 0.07263207763963508 24.95
0.043493756630320624 0.07272068500606677 24.92
0.04387019656822089 0.07367218775876139 24.89
0.044510135752311 0.07028129411635886 24.96
0.044575536497664214 0.07090956599081988 24.9
0.04587701087037088 0.07857444317716955 24.93
0.04529922842469303 0.07072517746952078 24.93
0.04406353277381758 0.06740489945359296 24.95
0.04336589760771625 0.068375025850972 24.89
0.04599543268196171 0.07357048970452085 24.94
0.04411273463451393 0.06924978052578068 24.93
0.043223993657983906 0.07124654924765794 24.97
0.04417087419430843 0.07087107962491401 24.91
0.043786826067271134 0.07008681281020657 24.92
0.04168075066385157 0.07005994508944946 24.95
0.0433883714689659 0.07175625700055255 24.93
0.04036550031825892 0.06824279826215085 24.93
0.04313615269128046 0.07017285944029494 24.93
0.04284328696437356 0.062386715481382415 24.98
0.041849989578997326 0.06432996148540293 24.93
0.04326732087910701 0.06937582702138623 24.96
0.049775631736274306 0.0731627311206402 24.95
0.048513192737601574 0.07288599782780136 24.96
0.04619771879191914 0.07458848803279183 24.95
0.04623307369438978 0.06778747486302839 24.94
0.048254737398437775 0.06989614288966361 24.98
0.04770029188175273 0.06623151430356 25.0
0.04640531053016517 0.06935067331924161 24.95
0.04452389704713422 0.06979932666700195 24.97
0.047203604987358094 0.0681407988182613 24.92
0.045779577886398526 0.06994356437969562 24.98
0.04688658362937792 0.06084024855126757 24.96
0.046928519943359226 0.06363990470491576 24.96
0.04585050079523867 0.06219914748303912 24.96
0.049013235338975836 0.06477496369369107 24.96
0.04800053650475977 0.0658174827826552 24.96
0.045701998309446545 0.06204301923680755 24.97
0.04615343245614045 0.06451613090897557 24.98
0.04899505362276013 0.06761607128394986 24.94
0.047311924718910325 0.06737366130134437 24.94
0.04762398363107179 0.059089990411068216 24.97
0.0459554080404484 0.06571272723099764 24.93
0.04446720537455118 0.06466711229736577 24.94
0.048915558942613124 0.06982819852243138 24.96
0.045749884014093856 0.06487245235514105 24.98
0.04604685087254756 0.06665268526479085 24.96
0.04733284064059817 0.06813308004677932 24.95
0.04796075672040634 0.06593972521835212 24.97
0.04600892448343652 0.06608288587057631 24.97
0.04706029654281363 0.06397797973091257 24.94
0.04432438698728147 0.06944271865942198 24.94
