0.08389582608797763 0.11170453048743056 24.83
0.08911618710193236 0.10210199839355572 24.94
0.06609139662668695 0.12369579463790248 24.84
0.18338368391436477 0.26095754834422724 22.81
0.0833667556570502 0.12047431013186449 24.89
0.09882689769442976 0.0984693851797569 24.92
0.0917781628279859 0.10269603975498032 24.92
0.08212629735938703 0.12455690540291431 24.95
0.09810185608264566 0.11964785472808559 24.75
0.0791278588502351 0.10043940759393477 24.97
0.03899407767236951 0.06981804818390869 24.97
0.03659805273799965 0.07527645307791575 24.97
0.03844671294989643 0.07561568382533435 24.95
0.03554672283919369 0.07334513522724206 24.95
0.04011932004995955 0.06786298057600448 24.98
0.036386843992181395 0.07667016341318256 24.97
0.03651713425698455 0.07217288310095515 24.97
0.03788685287345084 0.07678705188366253 24.97
0.03616786033051378 0.07786827767712623 24.96
0.037497545855574854 0.08368933961212921 24.96
0.038507934524143916 0.059344155739341486 24.97
0.03835655069200272 0.062355909751273364 24.96
0.0379909598252709 0.060958920909672365 24.98
0.038823491344158634 0.0672841632278931 24.96
0.040266655224557746 0.0584090948879491 24.95
0.03936231185723438 0.06221438034543425 24.97
0.03903540709319486 0.06867298727433702 24.97
0.03776803848513455 0.06023102131055791 24.94
0.039432286136653394 0.060129788623068836 24.98
0.038311383130520515 0.06457831212841691 24.93
0.0336733321617807 0.06640411649681188 24.96
0.03275772852605163 0.06792329317199897 24.96
0.034599415150774915 0.0655038237664266 24.95
0.03461578148788336 0.06838408936840679 24.93
0.03516356835706702 0.06656264996869798 24.98
0.03381449512314516 0.07031021229045009 24.96
0.03238245171111098 0.06561530534776994 24.94
0.03498687982713011 0.06582535642393439 24.95
0.03301498004116121 0.06304145280854756 24.98
0.033137758251001403 0.06856726164248694 24.97
0.031351596482115274 0.06442562737864033 24.97
0.030164711755454876 0.06396936732742331 24.96
0.03237129277352824 0.06343481787149219 24.99
0.0307931524081404 0.06981078109249383 24.97
0.03040588791341381 0.0636396820598858 24.95
0.03039941398219881 0.06087728109359891 24.96
0.031032510794265167 0.06327411994097498 24.98
0.03307210292533125 0.0630060465582093 24.96
0.03072360356140147 0.06486598614243122 24.96
0.030665548716650948 0.06438140321366037 24.97
0.03109001114984944 0.05807418422842858 24.97
0.028830841067970292 0.05768711132869919 24.98
0.030243391722823865 0.05600417666289392 24.95
0.03100089586282917 0.05865527628571543 24.97
0.029832954929186584 0.061668859245061936 24.95
0.03125746146810027 0.06224446889061386 24.97
0.03168174214626873 0.059453364704088574 24.96
0.02982229263753655 0.06224430312614515 24.96
0.029299926579063107 0.06458513665821741 24.95
0.031329419237868916 0.06076134926141008 24.95
0.030103453339096142 0.05761910491667943 24.95
0.03014743068197001 0.061247578680393766 24.92
0.03130908837861601 0.05597500652606979 24.94
0.03050697089631038 0.06432879693311877 24.94
0.030367366548386787 0.06387035321951917 24.93
0.033383304296784044 0.06837411395383752 24.96
0.03020694760545406 0.05306442416579871 24.96
0.03348103357847554 0.06288555549798502 24.92
0.03136046190359776 0.0617560648918275 24.93
0.03152806928069052 0.06314450259937443 24.95
0.031344340567070805 0.05363722256856096 24.98
0.03149230688720661 0.05308571678939922 24.96
0.03131850459814989 0.04997370207185692 24.97
0.031392800705189905 0.0497548695978246 24.99
0.031074773923240318 0.053551095170474516 24.94
0.029922203210196008 0.05525910108074872 24.97
0.031061870782356227 0.05898296218601862 24.94
0.031099401332580823 0.05499650635177422 24.96
0.030307138637156283 0.052066929405357176 24.97
0.031744331248638624 0.0555960031587438 24.97
0.02867143168537989 0.051827795931609466 24.94
0.03023078876089258 0.048662022625512 24.96
0.030412234252349846 0.050189090141461556 24.96
0.03039621879451959 0.049926666740014114 24.96
0.029108108928206478 0.05331085764311605 24.96
0.029372694781878428 0.052493348777912674 24.98
0.029104196967030482 0.049366602987212405 24.98
0.029790667256019532 0.051472303690634935 24.96
0.029949544030567044 0.048256598046683585 24.96
0.02972597919622677 0.05146113830933663 24.95
0.030132288824775477 0.052666377628241445 24.96
0.031090690997263137 0.04993621475563903 24.96
0.03150316144306431 0.05259007002480742 24.95
0.03110122283838923 0.05938409269758549 24.95
0.030004307811361985 0.05000792252920905 24.95
0.030883270489104442 0.05444854037410962 24.92
0.031746688912621446 0.054551491094209426 24.96
0.031264406856763016 0.05073555858810441 24.96
0.030596488083757922 0.0526648425243168 24.94
0.031747172663372014 0.04899118842508077 24.95
0.03563065940528898 0.05627287107887602 24.97
0.035577679470779056 0.059142326118004185 24.96
0.0369127220188179 0.05573745026020971 24.96
0.03727807062999944 0.05862759915476312 24.94
0.03595530175749895 0.056306097030111024 24.94
0.03629822342899569 0.056410367901645775 24.96
0.03611510399280693 0.05509719301217886 24.97
0.038421974376877444 0.054834204796199826 24.95
0.03816458570711023 0.053930743269930415 24.96
0.037131240727515724 0.054387261459485914 24.96
