0.0824894089149324 0.11102177416454995 24.85
0.07713827328443823 0.11000167963522 24.74
0.08263584308308236 0.11150492292218728 24.84
0.08139158609643049 0.11431900978219744 24.87
0.08404975094568323 0.10161632939337562 24.88
0.08390278577514776 0.10910858093566245 24.95
0.08020700868019792 0.10641668477543842 24.82
0.07980403430871685 0.09836549653389015 24.9
0.08098500917060958 0.10866339643582335 24.8
0.08512672171660729 0.09498632584811717 24.76
0.06927335929978762 0.10488407885073192 24.84
0.06834237737221072 0.08925699252103625 24.87
0.07252993286130249 0.09426142717841668 24.91
0.07080745756690188 0.10000389176365643 24.92
0.07022975251778518 0.09619140625717737 24.88
0.06615488929021862 0.09654899360721403 24.91
0.06756280040713081 0.09487064714246174 24.87
0.07561705082436798 0.1005669705112564 24.85
0.06931552025921672 0.09524019762429259 24.87
0.07443972913253627 0.09838920471539714 24.92
0.07265621763324714 0.09214161115132147 24.91
0.07370618143148366 0.09503633958366808 24.91
0.07361631920428646 0.09944916203562981 24.87
0.06881959208504096 0.09743202936188111 24.87
0.07459525000312017 0.10474730508716812 24.87
0.07715863192540706 0.099881612415325 24.86
0.0754436339371396 0.09437253166049031 24.87
0.06664634597464802 0.09831292539645686 24.91
0.06547752108864235 0.1026763170681696 24.9
0.06943112510723115 0.0912137160572094 24.87
0.0679510768856828 0.09273610011592215 24.87
0.06950367812577485 0.09517089927241751 24.83
0.06822826260262072 0.09009492875583991 24.89
0.07248070978090637 0.09447425298222245 24.88
0.06837824026480288 0.10398448410176342 24.94
0.0692996915787254 0.09635234283838623 24.92
0.06763524491370165 0.09687778389805635 24.87
0.06626071929511013 0.09538105645488981 24.9
0.06843106573363889 0.09738075320603101 24.89
0.06995644688155922 0.10009717398240991 24.87
0.07121085046443842 0.0858075456650097 24.9
0.07043246246764612 0.09237463705161775 24.91
0.07107366247084268 0.09270000470949968 24.83
0.07192090522491457 0.09588065817749925 24.87
0.06899415354867988 0.08968002838288414 24.91
0.07196964593480804 0.08793862429352672 24.91
0.0732309045673748 0.09044385622977213 24.86
0.0699480663486548 0.101333400849269 24.86
0.07215925584299643 0.08519797097892678 24.96
0.07109848896821536 0.0940185269825764 24.92
0.06772943873301396 0.09288430730711672 24.87
0.0677251859703033 0.0985668955376453 24.91
0.0711362843390162 0.09326682895718452 24.87
0.06725879117870659 0.10264501346105603 24.86
0.06608037892303198 0.09113008628614838 24.9
0.0698212854383522 0.09215114985084583 24.92
0.06962766669474962 0.08820611655307653 24.92
0.07148110751606285 0.09779000091990742 24.89
0.0669488623269785 0.08892572434460977 24.92
0.06813868612652119 0.08999417859045877 24.92
0.06238622428753271 0.08451575478582773 24.95
0.06278370936638045 0.08794435574747961 24.9
0.06214978539783533 0.08514056493176758 24.94
0.06196286975660559 0.0834526459249415 24.94
0.05957978533864405 0.07903250374761062 24.96
0.06309457102640115 0.0858687123573596 24.94
0.06233159435212665 0.09315372635020991 24.89
0.060177997876276534 0.08390327245714213 24.96
0.05956594299759521 0.08129368976579443 24.94
0.06495336500957694 0.08845362482491026 24.95
0.06412477597898814 0.08461978438701845 24.93
0.06260897513938257 0.08374894350130124 24.94
0.06490581991727173 0.079122395133855 24.95
0.06719454388534818 0.0859732633798127 24.92
0.06610647091039878 0.09128779084044669 24.93
0.06486087607806357 0.08295672960964096 24.95
0.06412063744314356 0.08514456781461266 24.94
0.06764313774771646 0.08268336458227399 24.94
0.06315681617386704 0.08763606158131676 24.91
0.06649141738029174 0.0799607180315256 24.92
0.08794401011651065 0.10118315072324213 24.95
0.09156674954441568 0.10649558376328538 24.84
0.0919735757574267 0.09751364661672413 24.9
0.08486254883918587 0.09831748359111658 24.88
0.09307450760648606 0.09890803836082707 24.86
0.08844737711037798 0.09512532423281184 24.87
0.09262601503897627 0.10148627309874703 24.88
0.09335151201013359 0.10169634844603193 24.85
0.08830530833290917 0.096875038771572 24.92
0.08955362416986246 0.088763574760508 24.88
0.07438472126014506 0.09258482851899363 24.91
0.07541023793556134 0.09649531632791664 24.92
0.07600351722801224 0.08735186019504448 24.92
0.07482202777456382 0.08842478662556075 24.93
0.07754285262344451 0.0933373626668168 24.91
0.0754817810722086 0.08893089109745844 24.92
0.07313138126903196 0.09355147665571284 24.88
0.08083504747901538 0.09922683256824494 24.91
0.07357354225716817 0.0913776670702704 24.92
0.07538512790633134 0.08429299613418517 24.9
