0.04338100944068113 0.07891656686141735 24.94
0.042045464232934315 0.07543646391028158 24.96
0.040879531747469056 0.07752416538166296 24.96
0.04280069511433071 0.07818660773757924 24.96
0.04113637565954986 0.08388407765967376 24.96
0.042987894323168185 0.08119423882806354 24.92
0.04134535436619202 0.07889405556405205 24.96
0.04184374626426146 0.08017281963611012 24.91
0.04311733342959245 0.07509237332289687 24.96
0.041132286439474086 0.07411769162730764 24.93
0.04076905289208699 0.08080239043680548 24.93
0.04055008909744129 0.08306914867696136 24.96
0.04016340556746911 0.07760240065366009 24.95
0.0412784092606564 0.07616110777276885 24.94
0.040349373393280374 0.0778266743429249 24.98
0.03960034425462011 0.07208602570692202 24.95
0.04020255627180036 0.07748288093876132 24.97
0.039418870498675984 0.07278647769185165 24.98
0.04055438450996174 0.07569537805548254 24.96
0.03870775502121693 0.07495457530402849 24.93
0.04433240268912175 0.0754507583988796 24.96
0.04530853761056519 0.07674167212348537 24.98
0.04524167159638792 0.07557227474217298 24.96
0.04587615734414652 0.07356745495366668 24.97
0.0426276353140832 0.07300601570492815 24.97
0.04482754038993653 0.07497595083763098 24.95
0.04522762710100281 0.07300174631989109 24.98
0.044381490773143795 0.0756068198693346 24.97
0.04594532907222404 0.0746452370581977 24.98
0.04577376696449453 0.07080926924398301 24.97
0.04187601312995426 0.06985788731852283 24.95
0.0404823638226256 0.06448417685299956 24.97
0.03839056050823897 0.0673917503187772 24.96
0.0426395637699275 0.06925336675227145 24.97
0.03875356982539113 0.0661342831678684 24.97
0.0404819839613616 0.0639015694368904 24.93
0.03807208219151659 0.06698634861858876 24.96
0.04021092567109108 0.06668326660711554 24.96
0.040223663110839136 0.06365617060104345 24.97
0.04051907847773317 0.06761322107307255 24.96
0.03873517406542182 0.06814240057975185 24.95
0.03910836915964111 0.06416214225742745 24.96
0.039517031615219356 0.06482794067277253 24.96
0.037886930540336206 0.07058352949533253 24.93
0.0395253614695108 0.06896378735876307 24.97
0.039198494049537236 0.06999759293325791 24.94
0.0373564275618421 0.0694268804728041 24.97
0.03970291289968397 0.07142950049586116 24.95
0.03838527700396466 0.06955720116924002 24.96
0.03879221324108162 0.07105095589595578 24.95
0.04174257775279189 0.06513252452386942 24.96
0.04220701771277591 0.06814860444690407 24.94
0.04300557150971851 0.06333029218285291 24.95
0.04244509145889053 0.06459177361292756 24.95
0.04278547779020525 0.062237346743557076 24.96
0.04181249953399113 0.06359166566387198 24.96
0.04191555656639323 0.06169697751267644 24.97
0.04360054237623079 0.06143319661709479 24.97
0.04291042893439778 0.06216993170158658 24.97
0.04244661708424691 0.06653785261648049 24.98
0.04296092303035959 0.07237847608600856 24.94
0.04350240499645419 0.07151887502669341 24.94
0.043650104965326064 0.06980658771265125 24.91
0.043337306296857614 0.07146859102441705 24.92
0.04217835631303146 0.06765781617750277 24.94
0.04199602112768375 0.07774493580930442 24.91
0.04194687359969351 0.07463271010666161 24.92
0.04401482463473638 0.07161634330334321 24.94
0.0433051701330025 0.06516877224451978 24.97
0.04360683564286849 0.07408015667657442 24.91
0.03939786288631675 0.07042708711406886 24.95
0.03911879223539205 0.07257805562291353 24.95
0.0412280090858792 0.06894130116481412 24.92
0.037718580792891365 0.07265057212211157 24.96
0.03903245958901691 0.07149818054685975 24.97
0.04112017645654786 0.07469978224625518 24.93
0.03960826990805999 0.06317403989936432 24.97
0.04036903408848469 0.07232626136639253 24.95
0.03938745189834458 0.06834387235978345 24.92
0.03971538651315365 0.06629666313261606 24.94
0.032310382868729004 0.06644298695425643 24.95
0.031232926887018064 0.06466698849256103 24.96
0.03263294564844099 0.06343535466618067 24.94
0.03118103617813417 0.05719119373766157 24.98
0.03258412826267498 0.06889922897806178 24.9
0.032155243956851765 0.06716484738477524 24.91
0.032208189680752786 0.061334471417675784 24.96
0.03226747092974813 0.061134321781532885 24.97
0.032541135556708456 0.0653084980010874 24.91
0.031047747976079454 0.0675960875857905 24.98
0.0320994710675816 0.060981119480577495 24.97
0.030454195116203397 0.06288726761491148 24.95
0.03235854914831071 0.061760060591391275 24.98
0.03264528740637529 0.060370411240382116 24.98
0.03236965396605318 0.06260586178168959 24.97
0.03237791218812047 0.06675113900713436 24.98
0.031076473313880082 0.06361363963032829 24.96
0.03237323227971178 0.06042051461015818 24.94
0.03086640180518274 0.06414206200917505 24.97
0.03201009886928774 0.06531184291312431 24.95
