0.04937958145528043 0.07380112142537654 24.98
0.06531191153659821 0.07463990881112892 24.91
0.04986557105858036 0.07387680187154233 24.97
0.04677336641215257 0.07641034902551214 24.98
0.06451497919993432 0.08009660289466425 24.95
0.0619895125911194 0.07195602522359579 24.96
0.048907335721682044 0.07400846298071129 24.98
0.05012781079773598 0.0773494231351971 24.96
0.04948429333102444 0.07242770364092621 24.96
0.04880988866297853 0.07413513701104679 24.96
0.045277430007869435 0.07369564785668425 24.96
0.04553928901207671 0.0786844873235164 24.94
0.04569406167609902 0.0723051230830275 24.95
0.046496405224259796 0.07799700633659212 24.92
0.045851650337090155 0.07366747657672645 24.96
0.045535243051576746 0.07886206494514458 24.9
0.04616340430773136 0.07874974465853146 24.92
0.04608394217767808 0.07311040518525813 24.94
0.04640388618049773 0.07724721146915459 24.9
0.04524828663699976 0.0722750557904881 24.93
0.04521857968646548 0.0708454509842994 24.94
0.0454499142471253 0.0715635007170693 24.94
0.046825041146697166 0.07634918682440994 24.92
0.0433436577470343 0.07119309936113072 24.93
0.04119435417848705 0.06946144112636299 24.94
0.039184624821153036 0.06684952531069543 24.94
0.04667471384889377 0.06702096288176007 24.96
0.040990326270626376 0.06699824492251238 24.95
0.038633444762463 0.06356889762267282 24.96
0.04049807268446637 0.06962962367371817 24.96
0.038133194939228066 0.05990932807498395 24.96
0.03988460744215172 0.059726575653234915 24.96
0.039702748315062264 0.06173294366699722 24.92
0.03959052125457663 0.059498300834372575 24.98
0.0387767576192235 0.06139030435236881 24.96
0.03944364732411332 0.05726155165919511 24.95
0.03853918763619357 0.061686033177410615 24.96
0.03879036834574823 0.05998554368692166 24.99
0.0399537305978217 0.06344532896548738 24.97
0.038435099558858266 0.061821229940976496 24.97
0.03916400982509893 0.05888237716693101 24.96
0.04267592977424972 0.0653355947819052 24.93
0.04495713437962212 0.05974148510982202 24.93
0.042971610027217944 0.06433912227530558 24.93
0.04203804195014782 0.06040997817302829 24.95
0.04434121287594839 0.05848552358392556 24.95
0.045607259148114476 0.05994902797032209 24.97
0.040831515381159145 0.05899483124014071 24.97
0.040320428023343347 0.061919807045847985 24.94
0.044606482612810194 0.06524327158410104 24.95
0.037547309462653944 0.06833567462554557 24.88
0.044757123241137675 0.07416558331980483 24.82
0.04143215480238749 0.05806127474067513 24.93
0.039245633023385795 0.06330635107630922 24.88
0.037772860010335196 0.06070589495344625 24.93
0.03992336185657053 0.05616375839346266 24.92
0.04120530614247708 0.05914729082623038 24.92
0.04025552078963557 0.05881654989633045 24.93
0.036487711127475064 0.05927299894282867 24.9
0.03807542961787613 0.0653781756332491 24.92
0.03847141525131803 0.0575078773983545 24.91
0.04085488506074764 0.061991542895559304 24.92
0.03699574071628575 0.06140479390410858 24.87
0.03724508759703038 0.06498414882409709 24.87
0.03736765101469697 0.05927044825144823 24.92
0.03564038222369159 0.06266523925563094 24.88
0.03792155071114223 0.05880729159557019 24.93
0.03727266716078259 0.06396609348169902 24.9
0.038900876726125855 0.05925910126798528 24.89
0.04098500353198842 0.05443048598766098 24.94
0.03536843820484381 0.05915065051032842 24.98
0.034794573049981015 0.05497661752721428 24.99
0.035462635856088665 0.05832771649699542 24.91
0.035258364980629286 0.05602392467151418 24.98
0.03686963357875417 0.055413696726282935 24.96
0.03527922581700904 0.05513532286156275 24.97
0.034247360878941424 0.05474226047542852 24.96
0.03748353277773431 0.05240974252383468 24.9
0.036272899279262694 0.05783870523590451 24.97
0.038385015043509774 0.05600206287349119 24.97
0.035728458904493055 0.05644476009002075 24.94
0.035915674352324456 0.056304265930159025 24.92
0.034926003193296085 0.05729218745815179 24.9
0.03457317222601286 0.05298694173059271 24.95
0.03444471366619284 0.05640348250907634 24.91
0.03367239551514811 0.05348629219771739 24.93
0.03465326518889289 0.054455933804533285 24.96
0.03662935563309533 0.05561369275058192 24.93
0.035686638354752054 0.05582953737438889 24.92
0.03563996134927716 0.05518216967230638 24.93
0.03902898331211335 0.0593998704358083 24.95
0.03587856110217802 0.057879376296207874 24.94
0.03652431032989578 0.0570330556920291 24.96
0.036728255815653865 0.057638942480895516 24.97
0.03741388535174128 0.05980572136516371 24.97
0.036847944742388394 0.05535633651459804 24.95
0.03574319670658965 0.056708395459293404 24.96
0.03669533898585697 0.059517907743270926 24.94
0.03759688921309534 0.0609443702436987 24.92
0.03748706349558584 0.06284986830735273 24.96
