0.05095345572437526 0.07809577919662414 24.97
0.04812663191176414 0.08103882822857811 24.94
0.05122117258235459 0.07409166637243658 24.93
0.05061173008026931 0.08023378355504462 24.94
0.0507605027379987 0.08475939230379392 24.92
0.049613051220831594 0.07999762964131207 24.95
0.04698318929963041 0.09429512936808893 24.93
0.046999871669336946 0.09761371619402293 24.97
0.05021527403572801 0.08189227005598876 24.95
0.050002873990256824 0.07913468061312257 24.97
0.04276966729988818 0.07629496243375755 24.97
0.04100961798217906 0.07433013168865199 24.95
0.04131452282313519 0.07556569258518064 24.96
0.04236348406989676 0.07417446096964087 24.97
0.041145099303461774 0.07135219901990009 24.97
0.04074363237942569 0.07444263746465751 24.97
0.04145914142308815 0.070772501517398 24.94
0.040389514315557484 0.07366831611747415 24.97
0.041801773044390256 0.07574113238746849 24.95
0.04223709392796193 0.07536975503250598 24.98
0.03973736986522869 0.07112556491845912 24.98
0.03906803677062043 0.06774526790262125 24.95
0.039367367491826566 0.06673343675834031 24.97
0.043310905693124346 0.06685350453311012 24.97
0.03949935818216532 0.06824136389789048 24.97
0.0384973416738964 0.06636018191010362 24.96
0.040358238827555626 0.06758549443407125 24.97
0.04062407874230667 0.06933431829050374 24.96
0.040902514790422395 0.06627068872287523 24.95
0.03902747066557177 0.06321700508018491 24.97
0.03629660124543488 0.06004514630804214 24.96
0.035699805035036336 0.06336618895269763 24.97
0.03672460379670195 0.05684108525640341 24.94
0.03558058747159609 0.06176877442159323 24.95
0.036767655248060915 0.05852150113723087 24.96
0.03712486843417895 0.0612242572286813 24.95
0.03618038951300517 0.0576891187497679 24.97
0.03808269679535636 0.06173076490647689 24.97
0.036523846467846566 0.06123089268898818 24.96
0.03612753302493377 0.06040524248249013 24.97
0.03538500411975998 0.05888755373605803 24.96
0.035954028278832206 0.0602727988871693 24.97
0.03417235711184052 0.061254029151473044 24.97
0.035849818013747536 0.060404408380391184 24.97
0.03456032250603225 0.058535838756584635 24.97
0.03480152527663061 0.06150079872161218 24.98
0.03597734622856619 0.05940015354178174 24.96
0.03538674335750003 0.06004855871414061 24.95
0.03580621643844906 0.059566882122864095 24.96
0.03504377587104501 0.058726111830235905 24.96
0.0372277724101121 0.06458672475284355 24.93
0.03645319890281906 0.06522342291688954 24.9
0.03542475636074072 0.06324948119329732 24.91
0.03539025487328329 0.06173813944693085 24.91
0.03443522670096888 0.0623829453939706 24.93
0.037910427917065004 0.06302970455910606 24.95
0.0350133136141032 0.06298608365568792 24.94
0.035176121459269516 0.06470925352265211 24.89
0.03321937648197959 0.06427197810273921 24.91
0.03570999729055169 0.06912622765673948 24.91
0.03602796905889194 0.06413735476010185 24.91
0.035772685197422494 0.06141274283492493 24.96
0.03491118002051674 0.06198376468079392 24.99
0.03412141769311039 0.05729484754709191 24.96
0.03314131397706854 0.05913842620542187 24.93
0.03437452364473448 0.0568367935114551 24.95
0.03332292140324189 0.05686920920167693 24.92
0.034772076945735364 0.05772026968709165 24.93
0.03558252599828482 0.06538644625595258 24.93
0.03665245195022382 0.058652452498037744 24.95
0.041071012962547226 0.05827362804735314 24.96
0.04038563387789795 0.06133757293133835 24.96
0.04131349270936713 0.06141631758698951 24.95
0.039510722197426795 0.05928506155589208 24.97
0.04017630775781167 0.06195143753058585 24.93
0.04499568545631438 0.06269724878207161 24.96
0.03973807856362388 0.05947422568266103 24.96
0.03866641172403418 0.06072135503578946 24.95
0.03895008254922816 0.058753200521471594 24.96
0.040887744392566816 0.06452200282279774 24.97
0.03738540572584337 0.05792925619318401 24.98
0.03680597270098973 0.05333202367746226 24.96
0.03673466178435547 0.05542894281323707 24.96
0.03750379853924879 0.05791695609756031 24.96
0.036455035783676704 0.05588212143135818 24.97
0.03582171181921223 0.05519144988646307 24.97
0.038929450551459244 0.06052964399276162 24.95
0.03652855582951087 0.061424587984764245 24.95
0.036801540859822235 0.0587169712236405 24.97
0.03851741724520319 0.05463476652061661 24.97
0.0376801241920981 0.06914571615972931 24.87
0.03653727282989583 0.058949738384244665 24.9
0.03819917508941861 0.06025883015742817 24.93
0.03749883787501129 0.0613071094549269 24.93
0.038971284397909756 0.06566640601418638 24.87
0.03658188549885022 0.05755211432292551 24.94
0.03781962260792393 0.06169926740135945 24.87
0.0388099209401952 0.05980511175149961 24.89
0.03614987950621329 0.06563759984765805 24.87
0.0370656289992124 0.06315812784930341 24.93
