0.06639250563198973 0.09377847930326477 24.9
0.059021146135688984 0.09537736968207156 24.97
0.06143353116133132 0.09263391432177759 24.95
0.0586560713288965 0.09254288832669344 24.95
0.06057394217132628 0.0955536183833644 24.96
0.06692722071546153 0.09337370630404773 24.96
0.060373894711878484 0.09333701003951189 24.98
0.06107177752680859 0.09300284657558133 24.9
0.05728555087851117 0.09382712628358902 24.96
0.05605581258406389 0.08906614843543281 24.96
0.05051780901127545 0.08851231164721485 24.91
0.05150368805830907 0.09304067299654517 24.93
0.05286402339628937 0.089599089970551 24.94
0.04937634738954988 0.09203789490898429 24.91
0.05180234950350182 0.1019546815398652 24.9
0.05073878760984485 0.09089053481567422 24.93
0.05131496262427793 0.0959194034693377 24.95
0.05301482346108033 0.0939383779783205 24.9
0.0517333350833451 0.09034392422660797 24.96
0.047621816521733806 0.09588778869298364 24.92
0.054441346650037414 0.08031111950705072 24.95
0.0545381316191198 0.07980152022784448 24.97
0.05477809810688028 0.08270451256329592 24.95
0.05447542232014735 0.08177287843597525 24.96
0.05598048879877804 0.08101149319138723 24.94
0.056916248668628766 0.0809997818313245 24.94
0.0578104084265485 0.08209231889283597 24.95
0.056516290487086174 0.07924709644368266 24.94
0.058520972881084266 0.07974375999084227 24.92
0.05493504497791524 0.08218013254017686 24.97
0.051105610804520474 0.07926000705758995 24.94
0.05199419051669196 0.08899995464323629 24.95
0.052080085686503574 0.0763721149616533 24.98
0.05062109123934855 0.08247363160756194 24.95
0.053721760890451 0.08048518482888112 24.95
0.05121154556492924 0.07500425602849292 24.95
0.05101082572519644 0.0757127403123189 24.97
0.05205038728380562 0.07771036850315338 24.96
0.052176340711683866 0.07702818222599672 24.97
0.05451374286544175 0.07982700046187607 24.96
0.053660079671506766 0.07634070536522419 24.95
0.05453417114534065 0.07436770057145548 24.97
0.0513374013748602 0.07479129072223611 24.98
0.05062775480772819 0.076283859402689 24.95
0.05012165870073593 0.07733874778541439 24.94
0.04847104468159602 0.07707780555053578 24.93
0.05135488623254458 0.07904215036810525 24.95
0.05128547574315523 0.07631589734876032 24.93
0.05119266621479024 0.08091406227014131 24.97
0.0491960900346049 0.07356425884193318 24.98
0.05178037537779301 0.07823630643072532 24.95
0.048611278769184696 0.07772901816530853 24.96
0.05000793060521913 0.07601440683204208 24.97
0.050737532535654384 0.08227564924777031 24.96
0.049822722036112044 0.07972338812493707 24.93
0.05049586262444361 0.0783972436229654 24.95
0.04783291342428764 0.07986922004546837 24.95
0.049402191984318944 0.08118037530490385 24.93
0.04850558429343632 0.08203646306812418 24.96
0.048102381473524636 0.07858809118566723 24.98
0.04761657874186809 0.07193434503163176 24.96
0.048421560900164584 0.0698702873012067 24.96
0.04971595516403016 0.07401096250281969 24.96
0.04585538378034992 0.07283577919110618 24.96
0.045622394963304225 0.07677571925791982 24.95
0.04625727700347737 0.067506482813392 24.94
0.04781298676934087 0.07409547920112136 24.95
0.048167314877587186 0.07606758221326482 24.94
0.04944733898377207 0.07784339901243442 24.95
0.044865880776333134 0.0769510424508395 24.96
0.04648307664753193 0.06854599676980999 24.96
0.04863686968548886 0.07226839594643908 24.96
0.04676922681722362 0.07675699203802722 24.92
0.04667023687518712 0.07268706999241592 24.94
0.04735264102652237 0.07737234561301032 24.95
0.04949725537883831 0.07861624491258778 24.93
0.0467414989510293 0.07664603707511053 24.93
0.04675988190968172 0.07860871456435758 24.94
0.04642380168459426 0.07051111480660888 24.96
0.04695202234152063 0.0687592733320429 24.95
0.048116764442811766 0.06708209874500815 24.99
0.04785541186757991 0.0705724155145302 24.93
0.04862359104198877 0.07054014387296237 24.95
0.04689389516226261 0.06633926871848539 24.94
0.04993623121049606 0.07002592135566355 24.95
0.04919533348256733 0.06798274458111431 24.96
0.047972310589150635 0.07430941299557514 24.95
0.048093623690598664 0.06758749660117003 24.95
0.04851299628593064 0.06663453188608048 24.96
0.049144286868355036 0.06868803948534863 24.89
0.053850764862834244 0.07152466989819217 24.92
0.05300054090925732 0.06663012159830128 24.94
0.05025600080022996 0.0746788223926923 24.9
0.052270288113091645 0.06570654077820992 24.92
0.051806186417598266 0.06892165259246452 24.93
0.0513315389532526 0.06983680986211527 24.97
0.051587987628567866 0.06849337345168616 24.91
0.05176898446185152 0.06681398679031891 24.93
0.05039865169019575 0.06585426152210527 24.97
0.05404190273907883 0.07354657404537823 24.93
