0.06930349346422571 0.08773788328349652 24.94
0.06137532379274513 0.08699542764326951 24.92
0.058243119516597774 0.08824143038216092 24.96
0.057119794742578334 0.08814122323576246 24.98
0.058668570411912535 0.0861737482472783 24.95
0.06256122860114233 0.0851534041030475 24.95
0.0600877001605562 0.09480954768519856 24.96
0.056514374987139515 0.09258709785207375 24.95
0.062187074689699195 0.08201403719240774 24.95
0.061010901880435564 0.09270966678304104 25.0
0.05256152625187016 0.0835810034148865 24.96
0.056286288361061754 0.08129429399719479 24.96
0.05397596430662821 0.08628138407155683 24.94
0.05511406398849639 0.08106017996335024 24.97
0.05527630516504767 0.08073562961925718 24.96
0.05292055945638352 0.08408019523261867 24.96
0.05350279499655386 0.0867809936334184 24.94
0.05441003659481114 0.08264234762768818 24.95
0.0526548936719381 0.08469382113018309 24.99
0.056969314392757875 0.08630312523597883 24.99
0.0491772971729294 0.0798031670683167 24.97
0.05007869211238469 0.08071708561993918 24.95
0.049287944725593835 0.07888619798046592 24.96
0.0489591276175283 0.08867338547495263 24.97
0.049365163741432405 0.07928749568030469 24.98
0.04894453480140537 0.08828825746838276 24.9
0.04769548564151849 0.08373259463248617 24.91
0.04916463605414845 0.07881062046846399 24.96
0.0480704316469488 0.08373983891627024 24.97
0.04960334204858152 0.0814518732678432 24.95
0.038166220574104126 0.07597140565346139 24.9
0.03805255586294909 0.07248315554596407 24.91
0.03812183189691065 0.07767338714515404 24.92
0.038776018159081604 0.07733463936634966 24.91
0.03860386083879486 0.07102783685217773 24.91
0.03720212722315697 0.07400600764524567 24.87
0.03838817726455346 0.07010039381317024 24.94
0.03750843095006795 0.07199215259553038 24.91
0.03748846047924603 0.06893251037867554 24.92
0.03909564886060968 0.07007091317910241 24.93
0.04474410764475123 0.07163268304319781 24.98
0.04455839921843263 0.07127265247009273 24.95
0.04382084850705492 0.07007691859465837 24.98
0.048942870086477464 0.06982833173460579 24.97
0.044735552167210924 0.06886424388716805 24.98
0.0450342917120663 0.06918420546842541 24.95
0.043697691088150026 0.06837801533819876 24.97
0.043846146016842225 0.07094176541707897 24.94
0.04599871425002067 0.07256700847318998 24.96
0.04554341140782725 0.06608875707104234 24.97
0.03842624419886975 0.06653408620042367 24.98
0.03642312341557685 0.06823793883740525 24.98
0.03732916873002712 0.06905786365877375 24.98
0.03821969277055015 0.07188166753812641 24.95
0.03536673422000636 0.07049349084235912 24.98
0.0362361114451909 0.06828680539974141 24.98
0.03668343113740091 0.0693688980534789 24.97
0.03879292787219446 0.06574558450395773 24.97
0.036711476925492814 0.0705890310364764 24.98
0.038889622428875836 0.06577054374182767 24.96
0.03956965464777806 0.07210784454690766 24.96
0.040876590646286015 0.07242875127085224 24.96
0.04073805126418473 0.0789548129979335 24.95
0.040553461763171206 0.07339216326606224 24.94
0.0411584655927929 0.07856005260313959 24.95
0.040409385031346834 0.07273887236730059 24.97
0.043992537896465955 0.07509566959014391 24.94
0.0427489922880957 0.07272645365339836 24.96
0.0419029408976449 0.0706419119143975 24.96
0.0419344457403662 0.07911220158159438 24.96
0.03911875351767036 0.06773195582691616 24.94
0.04086398582245976 0.06561041287693326 24.94
0.03845477251030016 0.06528147765508219 24.93
0.03943663157943922 0.06396714304265894 24.96
0.03914976343314891 0.06339202143605749 24.94
0.04085559814945139 0.06604925282223628 24.96
0.03900520973315702 0.06421953497723165 24.94
0.040279792699795425 0.06595041252271028 24.98
0.040240023163781724 0.06485264274399616 24.97
0.03932254710584959 0.06203234007376812 24.97
0.039875224857419456 0.06347098789981886 24.96
0.03981894804994668 0.061182400944939874 24.96
0.03898605413974621 0.06669196225884633 24.96
0.03943318642403615 0.06883782549708284 24.91
0.04044582914278294 0.06522604499924645 24.93
0.03908176038513178 0.06379150917912735 24.97
0.039315529980467945 0.06299526839978986 24.95
0.03904730784780841 0.06933879235255713 24.96
0.04089865655383729 0.06926683465562522 24.92
0.040510822434505656 0.06237544381296045 24.97
0.036143574775269416 0.06710497991813513 24.96
0.03512037384262845 0.06574603831633441 24.9
0.03447741754136657 0.06838486810000832 24.91
0.03536520339764848 0.06609439164551889 24.92
0.03520195337846088 0.07030218172434954 24.91
0.03559077499208119 0.06375019914416924 24.94
0.0354756284764397 0.06488840489743553 24.93
0.035067318604564024 0.06469943868171169 24.92
0.03450645581707834 0.060923893504035265 24.93
0.03573960332248316 0.07085073938657349 24.91
