0.12210373488765935 0.10917110852598388 24.88
0.07326151602042585 0.1023429076242528 24.93
0.079191657241385 0.12445657367098173 24.86
0.07140121018982337 0.15108810513851434 24.71
0.09013009598385924 0.10355303342114908 24.82
0.08474248495626968 0.10589990106713099 24.94
0.20882554702323763 0.16387348829788417 24.32
0.08290010241911394 0.1169070023582377 24.92
0.07934001911110145 0.13300728647423654 24.72
0.12093820165988434 0.10506205337489338 24.87
0.04623494681046414 0.09067832225600891 24.91
0.04914825857967553 0.08290063785037627 24.97
0.05432797950314072 0.0823568620326589 24.97
0.054059059865223524 0.0820929285107671 24.96
0.049216277047835266 0.07948667855647784 24.96
0.05289981712046554 0.08344531781121833 24.94
0.050506247790897296 0.07893470698567095 24.94
0.04894708846996065 0.08358424046981228 24.94
0.04967321539856717 0.0876432346201399 24.97
0.049738676184846065 0.08251309516297045 24.93
0.04493294154739691 0.07337899603975118 24.96
0.04345437258815377 0.07329445224596265 24.96
0.04390289862448593 0.06972953041890106 24.97
0.04427638555718838 0.07400686604933926 24.96
0.043753469921222754 0.06710090499822552 24.96
0.04488127787544305 0.07334048002624638 24.97
0.04369819438818423 0.07283521559615247 24.98
0.044064081887542295 0.06759947277219036 24.98
0.045708692700651476 0.07141200731758435 24.98
0.04183733807438117 0.07186772204968406 24.95
0.03749787566594198 0.06643234280613586 24.97
0.03742036022174533 0.0670816646596486 24.96
0.037741363264233496 0.06857591744078251 24.96
0.03758370988474613 0.0695357944011108 24.95
0.03863002462967502 0.06830578779493235 24.95
0.038618485584214546 0.06936923378348114 24.97
0.039372798763017136 0.07067782828560776 24.97
0.037520038614864304 0.06446427310800817 24.94
0.0368355296544699 0.06647744965985813 24.97
0.03909016816191513 0.06548343353113584 24.98
0.03021943062316612 0.06348045289691162 24.96
0.030243881623574165 0.06356689175862806 24.96
0.03266679526807015 0.05589805000655701 24.96
0.030684787917631517 0.059362257023720444 24.94
0.03015149005600759 0.06264722691666802 24.96
0.029904782647753092 0.057708741854922696 24.97
0.030956326149378155 0.06020386338573436 24.95
0.03127523930906673 0.06054129297372024 24.95
0.033558746339218404 0.060930979815319364 24.95
0.031037090353847274 0.06097827205408113 24.96
0.03371820822518601 0.06225987756864637 24.98
0.03257670576094018 0.0621883156741313 24.96
0.031058260820088557 0.059743996194277726 24.97
0.03396829252985456 0.06210127494472506 24.94
0.03295579392725301 0.06179491615989985 24.93
0.032672004411890665 0.06418427450025188 24.94
0.031680124885630656 0.06102554510595637 24.96
0.033369380991842834 0.05681717876189385 24.95
0.032528952645198506 0.06106146011710767 24.97
0.032026653472495226 0.06469970446114115 24.93
0.03585742330216701 0.06212816249804265 24.95
0.03582221056813639 0.06430308219665692 24.92
0.035495243028539125 0.06439424288640327 24.92
0.03440062400350019 0.06650853328492867 24.9
0.03405491876047606 0.06756516966507664 24.91
0.03504171021947189 0.06480924337176708 24.95
0.035823786754017095 0.06046664179734518 24.96
0.03742401046267996 0.06009335591239473 24.94
0.03586521175301105 0.061241539499619524 24.95
0.03505657640974291 0.0682406629111596 24.91
0.03170040240035921 0.05454861272020073 24.96
0.030237929526420126 0.05795936470987906 24.95
0.031569232186728136 0.06151978625626042 24.93
0.03176848635599394 0.05294293977401454 24.96
0.03217125889401873 0.06140949532609841 24.93
0.031091924968031925 0.057723428357913775 24.93
0.030083832421228696 0.058326767875560015 24.94
0.03208443989926191 0.06023125100683113 24.93
0.03345541652877926 0.0557082605210637 24.96
0.03164865508081405 0.05638391049614344 24.95
0.03024228752454372 0.054764179161329474 24.97
0.031072631956012065 0.048574094228345466 24.98
0.030884297403057315 0.052469176167554976 24.96
0.030431413535898733 0.055126279653481824 24.95
0.03135016207273045 0.05168325079022296 24.96
0.029843553430709546 0.054315588411221416 24.97
0.0299773685523006 0.053782514923396585 24.97
0.03098122415164395 0.05180551521173671 24.98
0.0295284062435911 0.050796286507915345 24.98
0.029675809087734595 0.05159553348947188 24.98
0.028698097761879926 0.05243553508749199 24.97
0.02923984952041936 0.04856434096560025 24.97
0.030742176661068155 0.04919525814676884 24.96
0.031731383467270335 0.05127513943757567 24.95
0.029597139276747564 0.051482257700646405 24.98
0.031481072616280525 0.051147253761356204 24.97
0.030600747594709765 0.05175666838307702 24.95
0.03127836998374334 0.05548677742599917 24.94
0.032024333099233915 0.05757175794547198 24.96
0.030199444940712583 0.05373996912253043 24.93
0.03481022143078061 0.053734971149944744 24.95
0.03408155927796974 0.05265314224384865 24.91
0.03335367427202063 0.05537826424687087 24.96
0.03619950863616128 0.0536303940531111 24.97
0.03306644502273204 0.05623371107981956 24.97
0.033699255055511634 0.0519458503618373 24.97
0.0324184574699693 0.055921868454750556 24.96
0.03348980858767059 0.05329184529113318 24.97
0.035399784419346325 0.05293115840967633 24.96
0.03352354443657091 0.05076943737716022 24.96
