0.03776487047136523 0.06904960585947006 24.95
0.03787336324105017 0.0677161331151862 24.97
0.03834026725405759 0.06694359129423855 24.94
0.038330522111177046 0.07065785978743733 24.95
0.037677126725317756 0.06808434057904134 24.97
0.03880257103615303 0.0674402669173566 24.95
0.036844013517592034 0.06679838029610863 24.95
0.03604583790098048 0.06772641769654275 24.94
0.038700097458269855 0.06780571827331372 24.96
0.0362978775575209 0.06413778277996929 24.97
0.03352444512157904 0.0525980626017899 24.98
0.032464122088381786 0.05562369921921029 24.97
0.033249052929227196 0.057612132176742104 24.97
0.03297610980965049 0.054391835786495424 24.96
0.03347789073519436 0.05593280967109249 24.95
0.03415636437573699 0.05399150117582441 24.96
0.03317332041713017 0.05627258262456858 24.97
0.032327035840475804 0.05584359317626264 24.98
0.032603581792199465 0.05647463737577696 24.97
0.03273737857535319 0.05521236528107176 24.97
0.032388751512245184 0.04855216542380869 24.95
0.03155729834214427 0.0493944112406739 24.98
0.03178427432877018 0.0496736071442645 24.96
0.03234522883865598 0.05234733038674688 24.98
0.03228628681761725 0.04676277726178624 24.97
0.030738106329894377 0.05057776441655992 24.98
0.031461864226281167 0.04834907558497148 24.98
0.030840762549055878 0.048354793029743104 24.98
0.031117034429857582 0.045253526009691014 24.97
0.03177775301378505 0.050566649254322193 24.98
0.030849096511640917 0.053726078250410314 24.93
0.028898359604599633 0.05041757694395632 24.96
0.0286822133607737 0.047929718645435715 24.98
0.031014894278770133 0.05207271920096401 24.97
0.029074712932635305 0.05037679510470938 24.97
0.029264444583048665 0.05085473131866336 24.98
0.028891187212536806 0.04935988177430772 24.96
0.030029147593179983 0.048276258877710254 24.95
0.029646261421907627 0.04878627468759544 24.97
0.029564149668604656 0.0470836358738157 24.97
0.035982542714179444 0.06831321951296265 24.98
0.035740703418897124 0.07158789583609138 24.98
0.0360530156357628 0.06437034268010178 24.97
0.03685898495533435 0.06484571205022649 24.98
0.036127426448654076 0.06282319961891603 24.98
0.03598683273348713 0.06740802312531113 24.96
0.03543736043455936 0.06467922788499225 24.98
0.034463934769494275 0.06221954150913778 24.98
0.034843311465547644 0.06483920952797928 24.97
0.036915128084334836 0.06890088581023135 24.97
0.030421997413317303 0.044688719026697354 24.96
0.030121146929829035 0.051040631384446034 24.94
0.031342634849630735 0.04955983920931184 24.97
0.029682732455195704 0.05055262069474187 24.94
0.030219504980170342 0.04988339313373058 24.96
0.03021880493139395 0.046315153484639104 24.97
0.030393898983527623 0.04596584491301914 24.97
0.031386324617836525 0.045041734392791244 24.98
0.02959087281755135 0.04503981500714449 24.97
0.03039719596341417 0.04627782880436404 24.98
0.02827032105276739 0.046188889932566646 24.98
0.028083637982094567 0.04878261769985859 24.98
0.028852871594654217 0.05243835222386306 24.97
0.02802810294288771 0.04397300231670276 24.98
0.030450655569407847 0.043446422579272226 24.98
0.029720885392419683 0.04807507834459368 24.97
0.029963828072612664 0.04889244766868506 24.98
0.028531171050200865 0.05019059648056301 24.98
0.028875916622300823 0.04663839289017613 24.97
0.029918616070951698 0.048335585636199996 24.98
0.031156093696587117 0.05320401241056483 24.94
0.03237304252576778 0.049830424235766224 24.96
0.030121001866547537 0.04964706262687546 24.97
0.03143914842805018 0.05571981575486462 24.95
0.030913664879786862 0.05022835883665833 24.97
0.031520374950701924 0.05090097618322331 24.97
0.031673338202697576 0.047823748262851073 24.97
0.02980760485143552 0.05118909526811177 24.96
0.030823322008147302 0.048754173983591276 24.98
0.03226780341438329 0.052019583840285044 24.98
0.03433933823278623 0.04995278155135907 24.95
0.03174452775717884 0.04688394409534946 24.97
0.0395256421797443 0.05030674210713715 24.96
0.0323374072923851 0.04859484703816064 24.95
0.03369785789289348 0.05070673768865308 24.95
0.03186003596645892 0.052180170448953955 24.94
0.03356362360691634 0.05067255423274619 24.95
0.0314302701730389 0.05216126067387383 24.95
0.03199830646081725 0.051346099936352974 24.96
0.0325589345831504 0.05055692806909595 24.95
0.03054141806715538 0.056186179672487846 24.92
0.03093787479941279 0.05383204102559547 24.91
0.031214807970292968 0.057478446018832896 24.88
0.03053736436536081 0.05317768547056412 24.85
0.031102594080118284 0.05262924107201716 24.92
0.03189302594729626 0.054594130226615634 24.93
0.03248742010781158 0.05773773856862563 24.87
0.032047520212348246 0.050527793187993386 24.92
0.03202414598334902 0.059900458555338765 24.9
0.03111149419088055 0.05635866632843356 24.89
