0.12220433610549142 0.1413365721731492 24.82
0.11297354052608255 0.1690529584423165 24.86
0.11879988153272192 0.10082994473915474 24.84
0.10297516208292579 0.12708191661868318 24.76
0.10026402120344424 0.10202018867485518 24.92
0.05303944871079225 0.07576668410091769 24.96
0.052259065058311904 0.07474388188684278 24.94
0.05177148433253065 0.0750221562348371 24.94
0.051625881870050794 0.0741676118731468 24.95
0.05239288418356991 0.07921576365954475 24.93
0.041229181131157255 0.07099704567528409 24.96
0.04142582802563599 0.07051553030874591 24.96
0.04050000367241713 0.0727273041273041 24.96
0.04106356461316407 0.06950014664510273 24.98
0.04024356657086314 0.07243693644360161 24.98
0.04350054475444021 0.0702226959226343 24.95
0.04413765808096992 0.07066488258710346 24.95
0.043730215460305866 0.06989599689143222 24.95
0.04493109522709049 0.06795047288690981 24.96
0.04376628096329371 0.06914064254486763 24.96
0.041265055020468955 0.0714541044173933 24.96
0.04073548778168812 0.0632299737820532 24.98
0.038730051962651224 0.07160220499828407 24.93
0.03962942619069976 0.06629757878334241 24.93
0.03980387482867298 0.07005380715704179 24.95
0.03856167508111352 0.059825249257926316 24.96
0.04165613196090223 0.05726992323255731 24.96
0.04144502066429656 0.061401609874984 24.95
0.042689741103092205 0.05995090941934478 24.97
0.04180881924564739 0.061161658582633116 24.97
0.04487357602712261 0.0644814053533862 24.96
0.04725122046059438 0.05907654911936644 24.97
0.04505449168992404 0.05955412079243616 24.96
0.04618844340646777 0.057839970751398684 24.97
0.046948008568889144 0.059542608307778355 24.95
0.040249709224630226 0.054877837102843774 24.98
0.040260416959761014 0.05802130783405812 24.97
0.04095436189657742 0.061462138998046534 24.98
0.04038602497859278 0.06152822655542611 24.96
0.04101849504209398 0.06352367116636459 24.97
0.04237517377190758 0.055971351683555826 24.97
0.039513706742020926 0.05367691723875101 24.93
0.038804673169002935 0.0587273993429841 24.96
0.03870384047470299 0.05609765561386626 24.95
0.03824710974361056 0.051241041631980844 24.98
0.0465630883566196 0.06525564756155489 24.97
0.044620468506902045 0.06593253858331694 24.91
0.043790387533241826 0.07137908713097729 24.99
0.04511520392059498 0.0663528729011591 24.97
0.04519337527209888 0.06487024916121131 24.98
0.03690999432875719 0.05261263761615309 24.91
0.038938967080724085 0.06294512987130862 24.92
0.03750486236212058 0.05240804327648074 24.95
0.03746637072312187 0.058886416258128516 24.9
0.03811278980963362 0.05966349750492428 24.91
0.03513652614551477 0.05236501538215288 24.95
0.03698603498038333 0.053881633400131634 24.94
0.035841719803502814 0.04865387948711675 24.95
0.0359199366432964 0.05908188130336067 24.9
0.03669814677649841 0.05565434034349803 24.93
0.03694054947762071 0.056110948886320844 24.88
0.038618823734596686 0.0516659938013575 24.94
0.035408185412745374 0.05578781271348332 24.88
0.03455530168956489 0.054894085644142776 24.87
0.03542507300985254 0.05161965302808258 24.95
0.03592116132687917 0.051613562546955594 24.93
0.037294379426193736 0.0488099345192019 24.92
0.038884269975345 0.05389073440253578 24.92
0.03964723065778886 0.05204066863609502 24.89
0.0381625058353684 0.05353767776818996 24.91
0.05072573784258072 0.05652170801871581 24.95
0.048386342039060226 0.05561402558541706 24.93
0.05080478864071547 0.058532276505496306 24.94
0.05140137487870067 0.05602606794259801 24.94
0.05018666864874688 0.0561259355432866 24.97
0.035686910262020755 0.05436744532459914 24.95
0.03921912817096529 0.05607332702311141 24.96
0.03716864042827783 0.057404133537728 24.95
0.037260437905470845 0.05689131501631639 24.94
0.03782777975607987 0.05461270413381536 24.96
0.03897895014338204 0.05300997232951443 24.94
0.03902155684228392 0.05110876950843124 24.99
0.03874396552563364 0.0543219059575325 24.96
0.03973134249873145 0.05567122937820668 24.98
0.03995901016491732 0.05454664122388353 24.97
0.03954269538678323 0.059627382629821146 24.95
0.039175824967754846 0.05306010314608156 24.97
0.03759775384612629 0.054534941291539574 24.94
0.037647891952384605 0.053255779093218214 24.94
0.038994302363956845 0.057207081489028755 24.95
0.0350176673800171 0.052856814213471326 24.96
0.03369373758340677 0.06186027855061871 24.95
0.0353189205602652 0.058429222423655225 24.94
0.034859427788580644 0.062435957372088735 24.94
0.034224481596498935 0.0635355653983587 24.94
0.037745513490621274 0.053723805954207116 24.97
0.03773768819767109 0.05426662875107968 24.94
0.037563565004396504 0.058206842727449803 24.99
0.0384826571374175 0.054863161848893616 24.95
0.037599709413424276 0.05179300660686115 25.0
0.04153392507816778 0.05658245822549102 24.95
0.041991708110619586 0.06443919376040186 24.92
0.04077143164635144 0.05759215651396399 24.93
0.042404594451863176 0.05361854619374096 24.96
0.03941873346661051 0.05350250480392049 24.93
