0.12220433610549142 0.1413365721731492 24.82
0.12129052625914372 0.15268209154751888 24.64
0.11297354052608255 0.1690529584423165 24.86
0.11432256665748464 0.13888920119692738 24.8
0.11879988153272192 0.10082994473915474 24.84
0.14614609171949344 0.20921093109925437 24.63
0.10297516208292579 0.12708191661868318 24.76
0.10158440665961321 0.1166764653236928 24.76
0.10026402120344424 0.10202018867485518 24.92
0.08045999409565485 0.11272681076775126 24.92
0.0419159352892422 0.08141752563738192 24.95
0.04170131889190787 0.07799600608074075 24.94
0.04211997282088731 0.07562384231861718 24.96
0.04203523686741495 0.07703601863835885 24.96
0.042601210164174175 0.07526370576529051 24.93
0.041615964220547474 0.07968472550298511 24.95
0.04168489782787177 0.07854662165313853 24.93
0.04323130440149281 0.07551408616307465 24.98
0.04104847321334504 0.07173154773157497 24.95
0.0428643771100945 0.07650621268981639 24.95
0.038909195401381824 0.07405104051945943 24.95
0.03935248002268166 0.0785307424479963 24.96
0.03839790680641497 0.07596119019359393 24.98
0.040208988326838946 0.07781460090152426 24.98
0.039186399496654145 0.07563036471789475 24.95
0.03934245598789876 0.07791932330741469 24.96
0.03876475338841312 0.07457576324007076 24.98
0.039331819241802735 0.07372984669644145 24.98
0.03963285214756462 0.07531444714560331 24.94
0.03979535848908777 0.0731939810044 24.97
0.04124566610278446 0.06444140933023479 24.97
0.040817694591536946 0.06539036853176283 24.97
0.040247518853293696 0.0658966442114286 24.95
0.04026361236976683 0.06288595344851189 24.97
0.04206402801410236 0.0645664686588816 24.96
0.041158780282359086 0.062428617841293166 24.95
0.040730816730556674 0.06429914037014439 24.96
0.03956435020198834 0.06298530356404664 24.97
0.04114169772464493 0.05895154216181009 24.98
0.040921074800189805 0.06435670448891673 24.96
0.034645539690519866 0.07180320878337909 24.95
0.03652116619822454 0.06524010933037006 24.95
0.03510644007829622 0.0676628899695696 24.98
0.03654315714084633 0.06899336811296208 24.97
0.03622690748290214 0.06592947842199404 24.94
0.03525212203588812 0.06514516744476706 24.97
0.03690026388691914 0.06441652840849044 24.98
0.0359965523031649 0.06605000785231552 24.98
0.03472224303706506 0.06778743313387603 24.97
0.03579037454600409 0.062184253098363174 24.98
0.034326427960316264 0.062365938308207136 24.97
0.03481056617411693 0.06101488320659998 24.97
0.03462990748056538 0.06683717430995595 24.98
0.03754661719662722 0.0635199865516557 24.97
0.03488944344666356 0.062339843987576526 24.98
0.034693336492426674 0.06089497282868084 24.97
0.037637984352330234 0.06388195276687425 24.97
0.035074487749730876 0.06415868110635015 24.98
0.0358902670127087 0.059787987595232184 24.95
0.03628008989434417 0.06429681004811627 24.97
0.035411198083266426 0.056870442112289976 24.97
0.03724686476125627 0.05617311695667826 24.98
0.03531933773306917 0.05886086639597121 24.97
0.03530441942147189 0.05687637649406563 24.98
0.0362063081612618 0.06495649591902108 24.97
0.03649406333027949 0.05982054927164182 24.98
0.03363228615848246 0.056558974084830016 24.97
0.03493427475390465 0.061342621382779794 24.98
0.0346641645657505 0.05651006015850579 24.98
0.03592614611532996 0.05799230147285894 24.99
0.04127050414779232 0.06764962992083878 24.96
0.04205767731958532 0.06386792577001499 24.95
0.03941502443208189 0.06184076835771124 24.96
0.04194230641648966 0.0642671064628133 24.91
0.04014011420533581 0.06170698115742457 24.94
0.03978374071335655 0.06529204580884462 24.93
0.04024202859681347 0.061521666338658076 24.96
0.04141621500189974 0.06397552420307728 24.96
0.039663795949477554 0.06498089826727804 24.95
0.042217662338202344 0.06659478015162379 24.93
0.036069888292183494 0.0603849828440568 24.98
0.03582789547205156 0.06848461647839788 24.96
0.035740859168435835 0.06440000891337627 24.96
0.036152578509919486 0.06749266398190212 24.95
0.03595575794148298 0.06791761978949185 24.93
0.037860988158089026 0.0656551499228758 24.96
0.0360633643908268 0.06859318037520223 24.94
0.03641413621246059 0.06586480353156177 24.97
0.036535985254158354 0.0665367731823262 24.95
0.03698189040481592 0.0689797456994542 24.95
0.03684835361020655 0.06406567470247504 24.96
0.03844179379768409 0.06303168922647029 24.94
0.0350955521301618 0.06207340248813187 24.99
0.03605688064660528 0.0655464802310648 24.92
0.035808252573994115 0.06347174716692183 24.94
0.03647847783058411 0.06237730487674753 24.94
0.03608517831828917 0.06797383384919475 24.95
0.035777873866193466 0.057148309499411076 24.99
0.037040483129748725 0.05998649917444265 24.96
0.036157192110978786 0.05996810670820962 24.99
0.03453085764095032 0.06513360372776089 24.93
0.03334939472554466 0.05979019224211268 24.97
0.032792675867195586 0.05920346736699633 24.95
0.03043480689549538 0.05713097108643339 24.99
0.03203739735998856 0.061758988368506684 24.97
0.033309916242433846 0.06453106727087343 24.96
0.031645127368369996 0.057923495425384774 24.95
0.03148640702705219 0.06009630390241649 24.96
0.030476133598194344 0.0618412863986566 24.97
0.030205758406412597 0.06376665488203448 24.98
