0.11712127882876766 0.12954694276432765 24.89
0.10559433511043725 0.14838820991244883 24.67
0.11035154974572625 0.1115584977538755 24.8
0.08200300816370909 0.11342482351135241 24.85
0.08659090504572009 0.11506169829763446 24.84
0.053832045808961504 0.07009828923927064 24.96
0.054839700219184495 0.07694626696150764 24.91
0.05349844798506109 0.0719977414006675 24.94
0.056345897138128875 0.07328843177699984 24.95
0.055944594197805175 0.07744552788971504 24.95
0.05625209173063472 0.06922746659495627 24.97
0.05551754427552036 0.06690915673705855 24.97
0.0549762373865641 0.07447207418285695 24.96
0.05353226354476348 0.06782639322867101 24.97
0.05599428089456826 0.070072144715695 24.98
0.05474210325962148 0.06607655009152136 24.95
0.05372742137125175 0.07066035844357899 24.93
0.052692119495297174 0.06870266641130529 24.97
0.055664987209911754 0.07033244716092579 24.96
0.05395916645968979 0.07034462975611644 24.95
0.051557649920634385 0.05737302313080117 24.94
0.052762496377868895 0.05968741272126521 24.94
0.050734950117341415 0.06024924034758361 24.96
0.05162293326009648 0.058634303481459926 24.96
0.050995838402741245 0.057163463218437904 24.98
0.04493596666889166 0.06567375645986795 24.97
0.045373291887591316 0.06858875525120889 24.93
0.04538764590636135 0.06520979377599101 24.96
0.04649998587765358 0.06529135193640756 24.97
0.04567232097292584 0.06482959662634313 24.95
0.044835778576391316 0.05788563200697483 24.95
0.04336093457354939 0.06237108626992305 24.95
0.04415524085263012 0.058847563675067716 24.95
0.04521786008907247 0.05951448488612732 24.95
0.04510857316596595 0.06221359541009319 24.95
0.04041427370766382 0.058441112883409585 24.97
0.042622554754189634 0.05597670518186926 24.98
0.040768259214534086 0.06007164840889634 24.98
0.040812083499208174 0.05692747424980937 24.99
0.0420418146709014 0.05805641756719426 24.99
0.04270119559719321 0.05606948884853413 24.98
0.041159275385876715 0.05506190606312056 24.98
0.041001910145693876 0.05447157294371752 24.99
0.03905404035648996 0.06033431435199699 24.95
0.04202722398282299 0.06566401857372428 24.95
0.04380244078828899 0.05989648133327907 24.96
0.045722438934626464 0.059968148034226676 24.93
0.04501093564511194 0.05563339391949351 24.97
0.04485245710870567 0.058355729304511494 24.94
0.04484205057558621 0.059797140095424584 24.95
0.041529035692767446 0.06021226361394938 24.94
0.042933312157350634 0.058282363091418876 24.92
0.04448838970574276 0.05152639672813297 24.97
0.04440439862755852 0.05160697666313252 24.95
0.043358172359114766 0.056326234658119145 24.91
0.047581329769234015 0.052649799418827414 24.98
0.04746688087144291 0.055377031789806686 24.96
0.04838117301145384 0.05685071263560526 24.98
0.04810996996166628 0.05434461045828487 24.96
0.04841041483641362 0.054032527762151394 24.98
0.04232929600243662 0.05092078404028255 24.97
0.042445326034308506 0.049960063872760974 24.98
0.0406291088336852 0.049079074651657506 24.97
0.04222605433788995 0.05181990637244438 24.95
0.04144423988332724 0.0496709940481046 24.97
0.04039317822866939 0.05167733698461674 24.96
0.041727435198183116 0.052871550961753666 24.97
0.04232654915957812 0.05107403709238878 24.94
0.04130377511050587 0.04764489684667472 24.97
0.0425900502920592 0.04688585785137567 24.98
0.039555687795384986 0.04999968904039931 24.97
0.04018583100990669 0.05007551999488069 24.97
0.03994728822813809 0.05090026981327045 24.99
0.0411546707871564 0.046626870436280554 24.97
0.038859114598291056 0.05174197544060466 24.97
0.04391719179771103 0.04818844825643309 24.96
0.04386621627485032 0.0499983458178761 24.98
0.04237906117742596 0.050727895615134355 24.97
0.04398309786753729 0.054430300064289505 24.94
0.04247461121339002 0.05156674775799397 24.95
0.04325082288765392 0.049772610914776916 24.94
0.04512083705588421 0.05168852576891281 24.93
0.04409269620045686 0.05402107791186084 24.93
0.04337411047045103 0.049143807170524134 24.95
0.04589051081691975 0.054253170216531754 24.95
0.04109842667372676 0.05070318157231968 24.95
0.043735977782823454 0.05481729282629155 24.98
0.042303441429354605 0.05034386336292429 24.94
0.04231659026122603 0.05419114637756284 24.95
0.041673986235393645 0.05197368971218552 24.97
0.04268483783720778 0.05387026008043494 24.98
0.044005850199618335 0.05123131024798677 24.97
0.04316512892095459 0.05277234008196263 24.98
0.04436549441021609 0.05411476051775732 24.98
0.04364105254617612 0.05305025818469755 24.96
0.03948534715893415 0.05201247525114627 24.95
0.038197092879061034 0.04996633944112261 24.98
0.04005755303895153 0.056333909318938 24.97
0.04105131879495838 0.05090581142050621 24.96
0.03979505136269523 0.049330267345577994 24.98
0.039628726181774265 0.04876465749356129 24.96
0.04035844493185137 0.0517714435658132 24.98
0.041695116035608826 0.049798018618729234 24.96
0.041555066590291956 0.05103191334099799 24.94
0.041218126242586806 0.04891644332557643 24.99
