0.06762379892634351 0.09080391062087712 24.96
0.05332468821140124 0.09068050885268863 24.99
0.05678905747128993 0.0863305533606733 24.92
0.06790210839119282 0.09478371350173054 24.94
0.05548195357304453 0.08817845515883704 24.92
0.06669726013823363 0.08945023756087467 24.95
0.06975499843444466 0.08951775189526845 24.93
0.05570245749454461 0.08958153904043076 24.96
0.05377948036759728 0.08989884604115217 24.98
0.053179225206617 0.09516168845268747 24.96
0.054527934167282854 0.07258522624894181 24.94
0.05431164958079071 0.07301455466186713 24.97
0.04806828937110974 0.07723948688808402 24.96
0.04966636451860407 0.07695452698690175 24.96
0.05117887716808067 0.07555755182510704 24.96
0.05686399557311228 0.07485876239305445 24.95
0.04938711030941789 0.08185402215246473 24.97
0.050184418664882324 0.08253205960110122 24.97
0.0507265854805411 0.08817878043480021 24.92
0.04796160245789183 0.07907526999704073 24.97
0.044493017632050824 0.07496675426092037 24.97
0.04331802853100508 0.07139613717881099 24.97
0.04511835028540967 0.07763004471346102 24.98
0.04693077884451102 0.07449616289899508 24.97
0.04609343558751189 0.07508143449156446 24.98
0.043308866777548194 0.07337918265493226 24.98
0.04294799009087835 0.07679914828431833 24.98
0.044805270346489956 0.07694135950232905 24.96
0.044177117625452955 0.07395018140678777 24.99
0.04469194695438761 0.08036902404169277 24.98
0.047825085071860673 0.07400988032658518 24.94
0.05032043178168266 0.07257584519663096 24.95
0.04839875664850968 0.07002673697197281 24.96
0.048809536177751855 0.07460832092373304 24.94
0.04987935010915745 0.0691724212238708 24.95
0.05003438396498705 0.0712198315858007 24.97
0.04829537414963936 0.07404953472207565 24.97
0.048829781210470435 0.07412967934601211 24.96
0.048961601631125506 0.07366532682447502 24.95
0.04981653648554807 0.06634628569030976 24.93
0.04622773379962031 0.07144045936911214 24.95
0.044621853027281055 0.06858055291936249 24.96
0.0460967530936921 0.06944584683557575 24.96
0.04598178547656684 0.06978987945914028 24.96
0.044819554996373134 0.07485670335514871 24.94
0.04495458572228972 0.0708976085433517 24.97
0.044508518162980515 0.0742599790351447 24.96
0.04419519237862635 0.07456363893575313 24.97
0.04353379331699625 0.06950091799773317 24.95
0.046906977532899075 0.07143828691135012 24.9
0.03793685280985326 0.06892235476735831 25.0
0.037629233888177294 0.07314521113975603 24.96
0.03703620945055064 0.06676663326437593 24.97
0.03928646479557074 0.0667278901446291 24.98
0.03753127214354324 0.0692956095628402 24.97
0.03979172641597972 0.06938398409130508 24.96
0.037487341454886525 0.06685493698867195 24.98
0.03810182035255749 0.06610252252015192 24.97
0.04097933981099844 0.06752202547924402 24.98
0.03781874998577994 0.06555668433428197 24.97
0.04877639347351692 0.06572941658963283 24.95
0.04765781525970847 0.06912179141364805 24.97
0.047072720668214996 0.07002308310645189 24.96
0.05131686458318485 0.06262332946438542 24.96
0.04974186405988523 0.06004164678803581 24.98
0.049252726639487876 0.06336891959862911 24.94
0.04890703222171122 0.0621117490835309 24.95
0.05171759208565252 0.06744987132570668 24.94
0.04893186406870387 0.06492416816646451 24.97
0.049987956966283664 0.06448494860198162 24.93
0.0377119357843968 0.061527418415948554 24.95
0.03691519435328572 0.05894314885469076 24.99
0.038655701987795776 0.06011813930362475 24.97
0.03722347423276873 0.06079430189796753 24.96
0.03855076027093718 0.05793430307097713 24.98
0.0361945263544734 0.058175679623234555 24.98
0.03757694377916565 0.05946193352966489 24.98
0.03657401309071673 0.05974285954201919 24.98
0.03753063696244696 0.06293616488902487 24.95
0.03657078441871675 0.06638280578252109 24.96
0.042018446433731316 0.06036470385007964 24.98
0.04092164920755148 0.06414630900922813 24.97
0.041184886486099526 0.057937846288944606 24.92
0.04139544882268009 0.06005182516811902 24.97
0.04228188833593949 0.06149592585673336 24.97
0.040549435891187535 0.058260691996672165 24.97
0.040986685345048235 0.06087558835653406 24.97
0.041059184403335114 0.060780861366857786 24.96
0.04176511978355635 0.05804409358989904 24.96
0.04136314662331242 0.059583814914186184 24.95
0.04545641041358395 0.06404432073334898 24.94
0.044049433341270094 0.06108245365492204 24.97
0.04379631595223232 0.062465295225159534 24.93
0.040780216815571424 0.06663559431089217 24.95
0.04453338044365651 0.06724774975109815 24.96
0.04427335390521425 0.06859582881098347 24.96
0.044998649017225056 0.06854683558513985 24.93
0.04409000900227111 0.0634656687337849 24.92
0.04439889929176655 0.07056471310225731 24.92
0.040797395095951594 0.06465859064936519 24.93
