0.056914746350776535 0.08613909027594502 24.97
0.05625019112952545 0.08392793980910862 24.97
0.058673860703290615 0.08908702892104092 24.93
0.05856109977489299 0.09004256418818546 24.97
0.05743604732071517 0.09678543242768411 24.95
0.05132058897648395 0.08494469131643612 24.96
0.04863515302363852 0.08249631645115363 24.93
0.050572339832706814 0.08306206482054579 24.93
0.05040888818755307 0.08446406343076651 24.96
0.05285578174616545 0.07900918501357534 24.94
0.05757385087020017 0.06883533526642438 24.96
0.05972111277573122 0.06942412335425285 24.95
0.058682939055678784 0.06963524078969441 24.96
0.05953953076273766 0.06975665053732139 24.96
0.061009854050824375 0.06698791133782567 24.98
0.04005989906736307 0.06389146973767212 24.96
0.039666068663094856 0.05698476064619262 24.96
0.040194748950447834 0.06427667779452828 24.94
0.039967613683221215 0.05929289783212566 24.95
0.041532008680898014 0.06558624294868165 24.92
0.039418757622666334 0.06250863744961788 24.95
0.038818828266580896 0.0663726725850482 24.93
0.039073189736373304 0.06576832872847715 24.95
0.04214006166428119 0.06403351311803007 24.92
0.03734783938965913 0.06434183253433146 24.95
0.03825915259563073 0.05668190748514301 24.96
0.03996350053656983 0.05785138077472951 24.97
0.04045530832760036 0.058996454545420685 24.97
0.038267306755390695 0.05943984376066469 24.97
0.03924535852695277 0.056662483418709386 24.97
0.04381458926664972 0.05380458892275175 24.97
0.04309549788237799 0.058661374744018224 24.97
0.04320035411444867 0.05748399711396057 24.97
0.042353130790137694 0.054711016922063926 24.96
0.04129668401228204 0.0559226414135261 24.96
0.03764639621290389 0.0567046875103534 24.99
0.0358737827536032 0.058982012354294566 24.97
0.033892341216065214 0.055525069872646604 24.98
0.03579806616383918 0.05971802988887087 24.97
0.03524881510263311 0.05632988314830778 24.97
0.033999320225259755 0.06256037054687624 24.98
0.03417238485460772 0.06650522247581958 24.96
0.035240129363147576 0.05936129856130368 24.97
0.032823737194581204 0.056473596273041604 24.97
0.033406370963063536 0.0570779695522422 24.99
0.034071673011902615 0.06180097050135591 24.94
0.03237654610213159 0.06689736858505468 24.96
0.03457943340824088 0.062027630963339075 24.93
0.03445915891545459 0.06067250301994909 24.96
0.034799833502476174 0.06024924587553615 24.98
0.03159779201851709 0.0641776752160379 24.95
0.029877411853881486 0.06040425706773178 24.96
0.03099290812516775 0.061314361844295284 24.96
0.030943338248263452 0.06017292478914682 24.97
0.03151064662866576 0.0637643795309244 24.92
0.032734715165036565 0.06392099092351244 24.92
0.03189949655920121 0.0600855985128943 24.98
0.03248637206077787 0.06040546881079312 24.96
0.032455849897327194 0.059743472765086514 24.98
0.03249285463053875 0.05855371317056124 24.98
0.035934132232044114 0.0641059055146953 24.89
0.03316846949327745 0.06345324882349501 24.94
0.03579325943230449 0.06345102424610616 24.95
0.03450177058017534 0.061325090330030085 24.95
0.03629742810204262 0.062367899066196886 24.97
0.03154067704153474 0.062338901008371916 24.94
0.033460366881678194 0.06008719984193034 24.9
0.03237109853710218 0.05806631479129776 24.96
0.03290466295016581 0.061931411769386546 24.94
0.03181344265505848 0.06417042020783892 24.91
0.03463311472170394 0.06032728676351251 24.97
0.03243334789733088 0.05912097203621969 24.94
0.032139538458247574 0.05711532684483145 24.96
0.030808499007418555 0.055558621172474454 24.96
0.031846703793814046 0.05574531212480882 24.98
0.032753677765055444 0.05953044937188212 24.92
0.032707593829748305 0.05661765685158715 24.96
0.031849180364348806 0.0614390153959532 24.92
0.03265056728885052 0.062057116037952276 24.96
0.03166341846970211 0.05980174879786715 24.95
0.02880676786006564 0.06004684912124458 24.95
0.030806845895145707 0.05862617431603612 24.96
0.03047132700712818 0.05784893759105414 24.96
0.029760072450977226 0.055342990475495624 24.98
0.02847649615336001 0.05925460471554578 24.97
0.03679486091549733 0.06351530303142838 24.92
0.033336510295172594 0.05821241781823194 24.96
0.03335047734782293 0.05696528795454203 24.93
0.034166643277543485 0.06343098751884924 24.93
0.035694447028878806 0.06230642185635049 24.95
0.034853709475652916 0.06840178155156873 24.94
0.034735008380415544 0.06813894302804124 24.95
0.033415486428180374 0.06626687647478502 24.91
0.03455747300198542 0.066105257285338 24.95
0.03482856061271078 0.06749858510958073 24.93
0.03184181876972181 0.06565875769549767 24.9
0.032883943524634085 0.06294273580455523 24.86
0.033841976206226976 0.06664354030635466 24.93
0.035479629726450246 0.06337329987334572 24.93
0.03573163731481643 0.05929984604706495 24.9
