0.11712127882876766 0.12954694276432765 24.89
0.1238220063504637 0.135819480058327 24.8
0.10559433511043725 0.14838820991244883 24.67
0.10422314795463261 0.12709777495060703 24.84
0.11035154974572625 0.1115584977538755 24.8
0.12454192693835653 0.10413278095666645 24.77
0.08200300816370909 0.11342482351135241 24.85
0.08791667240256928 0.10793911675652046 24.88
0.08659090504572009 0.11506169829763446 24.84
0.07345822204529451 0.11803345921251152 24.87
0.03465754278063127 0.07311144862156693 24.94
0.03633587999037402 0.0734509436909272 24.91
0.03634186868805511 0.07563258818827334 24.91
0.035966895087030104 0.0695795930767602 24.91
0.03682701064857852 0.07027080648830752 24.95
0.03561913379100745 0.06810496665384402 24.95
0.03601400684759026 0.07124684934122139 24.94
0.03538307229369342 0.07210956155611892 24.93
0.03573774167327104 0.07092372040523154 24.93
0.036009238290726664 0.07352633045921575 24.93
0.03391798640995991 0.06691758834275485 24.95
0.035076586502310825 0.06727658324645636 24.97
0.034169754598184277 0.07127703517647899 24.95
0.033995397852835674 0.07340100981333197 24.91
0.03416447480821161 0.0695241541035101 24.96
0.03313770536208038 0.0664048053695383 24.96
0.034543860283808625 0.0709459676383476 24.95
0.0349961504016727 0.07093220054128369 24.96
0.03483199758662314 0.06907890877533229 24.96
0.03484936829695828 0.07002766501392843 24.95
0.032044264270918 0.07240162091990188 24.94
0.032986854449454595 0.0682664707278049 24.98
0.03250421250046831 0.06726625922518092 24.98
0.03270526200933599 0.06814722114690686 24.97
0.03208828367195482 0.07001093064200592 24.96
0.031750636706683766 0.06866911515004714 24.98
0.02890697229463568 0.07018136580909784 24.93
0.032172722479526406 0.06900780098372561 24.97
0.03265824060570244 0.07578429583074098 24.96
0.03072586236193031 0.07086578827810985 24.99
0.034291983291277695 0.06772050247285777 24.96
0.036411122942185625 0.06929354333993232 24.95
0.03438432409552017 0.06966447243741425 24.97
0.03598467861832422 0.07510110717253926 24.96
0.03559895766160781 0.06919204935250467 24.93
0.03365572106462533 0.07128781600353218 24.96
0.035865639110448155 0.07004943753816051 24.97
0.03768984811049658 0.0734710027484472 24.96
0.03703618832376998 0.07239192438992315 24.95
0.034270410015410535 0.06727937987503296 24.97
0.033961025432033165 0.07219188286604616 24.91
0.032757142454345134 0.0695750963050028 24.95
0.03179512275347762 0.07109608426163727 24.97
0.02975219322536171 0.06774819265143284 24.98
0.031046831696017407 0.06872261608519548 24.98
0.031399969682430307 0.0669090464031794 24.98
0.03290014163449839 0.0741298041362295 24.92
0.031565742048891066 0.06853886434260259 24.98
0.03197169210654005 0.06947368184773484 24.96
0.03146621071235567 0.07371567751843178 24.96
0.037605537611179796 0.06496283246414125 24.98
0.039872908323723255 0.06335931628722102 24.95
0.037809447113713035 0.06613632661849533 24.97
0.03735785227981414 0.06470198008258388 24.96
0.03697926343550262 0.06720311967267623 24.95
0.03972836512133282 0.06506330315693165 24.97
0.03536990108616456 0.05897620687678029 24.99
0.036439449230940224 0.07086507594406644 24.96
0.037989965064249676 0.0658487645839807 24.93
0.03843456880151219 0.06665902975138505 24.95
0.03244981392899038 0.06435841677108611 24.94
0.03390361979774292 0.06441796550368195 24.97
0.03520847965709861 0.0623996970854479 24.96
0.034963104210789075 0.06056521456002928 24.96
0.03508988428199733 0.06155852754536795 24.94
0.034390463236419144 0.06156323394921204 24.95
0.032719127018126404 0.06313790014484444 24.97
0.03372702123533555 0.06370431862218451 24.96
0.034389053298751415 0.06155045247736124 24.95
0.03398074278620089 0.06033740053290526 24.95
0.032753092465741984 0.061985536194595015 24.96
0.03158788891075048 0.060260092511139285 24.97
0.03196699115238577 0.061980632798666835 24.96
0.0330832807510707 0.0636545225826548 24.96
0.033150465432217446 0.06246005953719147 24.95
0.03251030958343515 0.06173489736910609 24.97
0.03275262317441119 0.0631996371646174 24.95
0.03183577471033161 0.06470617761171626 24.93
0.031406084640759335 0.0616839810178611 24.96
0.033646316485925976 0.0578439975949252 24.97
0.03445353353675795 0.06456801783583055 24.93
0.03346227928974588 0.06116449553607439 24.9
0.034598312831750966 0.0604605012143673 24.96
0.03370818166280598 0.062245607824955695 24.95
0.03443537524535922 0.06116272841532233 24.98
0.03485699463027614 0.05980138873868168 24.95
0.03297488172512031 0.0578253079573281 24.94
0.03400609980170033 0.06418820897662869 24.96
0.032098545811900525 0.0673076372850907 24.93
0.03136252665408035 0.06118006922686392 24.95
0.03258441316886307 0.05496245545510159 24.97
0.034464343082141524 0.05329407541264686 24.95
0.03132119204684214 0.05682783074406661 24.97
0.030759533284589802 0.054859123994693615 24.97
0.03171198633391148 0.05758653908576494 24.97
0.031954413966457595 0.057646374052962246 24.95
0.03284321297398807 0.05709836648973221 24.96
0.03175326579586535 0.056926935722655836 24.98
0.032226765933928814 0.0541931935064619 24.97
0.03220434036321351 0.05902902091347573 24.95
