0.05615564694537212 0.09172976135920596 24.87
0.05516457525529417 0.09456189992051978 24.92
0.0543869527198092 0.08917665342255432 24.91
0.05379525133274743 0.08565120643392587 24.91
0.05451490012768834 0.08900859148709717 24.85
0.0591487607843475 0.07455886851095561 24.92
0.05892407995265214 0.07682456845213592 24.9
0.058277437008850796 0.07188293164546888 24.94
0.05913706911868999 0.07399021466518663 24.92
0.058136001889445454 0.07292953638091904 24.96
0.0481401452947533 0.06939032108716314 24.95
0.047930873268104524 0.06945618663023434 24.96
0.04906437439804956 0.07253790494689971 24.97
0.049276471934071364 0.06708435641873411 24.96
0.0481981081281877 0.06973271626075073 24.97
0.04552565401618891 0.07538212269586708 24.97
0.04726217362497476 0.07446628512190745 24.97
0.046438462879665576 0.07517420758266569 24.95
0.04633258856959932 0.07326774811542425 24.97
0.04602102785937234 0.0752439821639811 24.95
0.04417372774692163 0.07194390260624506 24.94
0.04474449466841113 0.06747281729132593 24.97
0.0460688535017455 0.06701387404456005 24.95
0.045264100547596 0.06495930010640305 24.96
0.04515789925888247 0.07058231878163701 24.97
0.03938287065000767 0.06929638150464967 24.94
0.040519313734647344 0.06344175611311198 24.94
0.03936078044643676 0.06514938325394015 24.96
0.0412690675176024 0.06709263591736747 24.92
0.03914636013540629 0.06675213888541631 24.95
0.03786574363043538 0.06639628145161902 24.94
0.04183022843323159 0.06127817162446836 24.97
0.039039721336149524 0.06540597309065188 24.96
0.03941406309215256 0.06640681325892006 24.95
0.04022808564444569 0.06475188735715831 24.96
0.04156518467497439 0.06218622032987042 24.95
0.03976003860627242 0.0600257207651167 24.96
0.042278584600906055 0.06088940739853188 24.97
0.040267574347435775 0.06354721382653816 24.94
0.039776883997404866 0.060735527404225276 24.97
0.03535882737349727 0.05490751016214479 24.98
0.03538666758427311 0.06838181613838623 24.95
0.036107798222681176 0.061529328889949775 24.95
0.03634158954852762 0.05913907333334345 24.97
0.03623328775303447 0.05527038945113927 24.98
0.03592657204350869 0.057089779309853705 24.93
0.03601786724699485 0.06028141357429728 24.95
0.0374442247635397 0.05817268526745767 24.97
0.039023645169652954 0.05820180165276623 24.96
0.03593594388024646 0.05608827959760743 24.98
0.03583792892280968 0.0540587038649899 24.96
0.03534028905325637 0.05835060683950166 24.96
0.03651121755704678 0.05692892712616593 24.97
0.03413155582665528 0.05617644008301925 24.97
0.03545425809830394 0.06014068726390176 24.95
0.03405706932710284 0.058466674353931714 24.97
0.03511477645005823 0.05294824028525891 24.97
0.03421249016563732 0.052240030198049126 24.96
0.03374950156275203 0.05100388620755081 24.98
0.03411534778692371 0.05439307899760493 24.96
0.03190843400136989 0.05015018537978766 24.96
0.03118662936180694 0.05464670804007421 24.95
0.03249959428803417 0.05062756463208695 24.97
0.03182863296093852 0.054551524953823205 24.95
0.030902102292525324 0.05352710068671118 24.96
0.03218402957921296 0.06557617759068846 24.91
0.03068379101617469 0.05974392783338456 24.93
0.030177760065455583 0.05931346934487125 24.94
0.031976154997457096 0.060513314473805924 24.93
0.031283624055881365 0.059031051094491804 24.92
0.03207251306386294 0.05849955060231793 24.95
0.033114261590277305 0.062189959963831476 24.92
0.03179891929025658 0.059066980178746786 24.94
0.03517321076124513 0.06616937668235079 24.94
0.03438532546631179 0.06253950638290051 24.95
0.034228753377803844 0.05566336200747213 24.97
0.03332183713596171 0.05391715020004506 24.97
0.03449882116570535 0.0543968174203916 24.98
0.03212231608113569 0.054821613396142554 24.98
0.03345153648435162 0.057192617151066716 24.97
0.02977440018574573 0.05520233102158878 24.97
0.031347426171076 0.058129290166433756 24.96
0.03079586355881514 0.05587370007108783 24.96
0.029999062306564683 0.05782060828071478 24.96
0.03178826105809596 0.05353883908065593 24.96
0.031188518255973574 0.05928859814952803 24.93
0.03312070530806255 0.05119829328667236 24.94
0.0329551404618692 0.05544328413299693 24.92
0.033289307334260054 0.059620325369021177 24.93
0.03459652093676269 0.05806507420587048 24.94
0.0338885518103621 0.060024116720166054 24.92
0.034672009900639456 0.06021786892238523 24.96
0.03281404523384235 0.064759574390297 24.92
0.03393137378165756 0.057931432437644204 24.93
0.03329294185574039 0.05804609069353883 24.96
0.03445638931989348 0.059495300363228254 24.86
0.033086187659764565 0.06162255398015559 24.86
0.033417438177144154 0.062076568118340836 24.83
0.034227060973155976 0.0551516895695664 24.91
0.03362267661373497 0.05804763315271855 24.85
