0.1217194817420133 0.22340906683712103 24.7
0.11463945101386908 0.14022281851245666 24.79
0.10456651076767232 0.14642248613820696 24.82
0.11395671724500434 0.12652104493366367 24.86
0.4328434733468859 0.3572216212579079 24.68
0.12149531272226044 0.1347110895326109 24.64
0.12700560492103496 0.11090184656095303 24.79
0.06888711071001652 0.14503671089892667 24.85
0.07658817475326718 0.15564175611950803 24.85
0.0910928635116659 0.12264288727200112 24.83
0.05522047142300823 0.08310408222919408 24.91
0.05068093374512439 0.08567579418720028 24.94
0.049589045802596154 0.0854974418638842 24.92
0.0550358229769915 0.0788443387927118 24.96
0.056928765440069085 0.07611565020535072 24.88
0.05182065624908594 0.07834753391648663 24.85
0.05189525887373225 0.0815960675325571 24.92
0.05188760020421268 0.08449826316051823 24.98
0.054279729530972376 0.08078903675511584 24.93
0.0523905663664479 0.07934082435055245 24.86
0.04228813916921803 0.07067957131913227 24.91
0.043998789694198015 0.07976864414902718 24.94
0.04308409585938633 0.07118006570071356 24.94
0.04228902412099378 0.07391029366581092 24.92
0.040451710397879315 0.07586413926314917 24.94
0.04066779587717728 0.07189199678164115 24.95
0.041383651468491545 0.07365298479381055 24.94
0.04152654765392361 0.07550093935473046 24.93
0.04192886691565578 0.07494085164342679 24.94
0.04180869468096693 0.07177465960348672 24.97
0.03583692396276472 0.0647631344877222 24.96
0.03653867215614015 0.06706016741533594 24.94
0.03786428983752155 0.06436579276439969 24.92
0.03543198956220617 0.06908030729444192 24.94
0.035888763687176084 0.06562325528883728 24.97
0.03739199836537155 0.06843563647570139 24.96
0.03850604504413735 0.06591944266753591 24.95
0.03571836686280394 0.06890489833720936 24.97
0.036078438228010046 0.06614092314888931 24.94
0.036421506575326834 0.06884831950165815 24.96
0.033687994797810594 0.060492442462277474 24.95
0.03336727607616563 0.060576224773158716 24.92
0.034148700156755085 0.06269204728106814 24.94
0.0335638262476583 0.06040491351248112 24.92
0.032522576655323654 0.057087520824731675 24.95
0.033568874464044884 0.06090629272304515 24.94
0.0331222445252749 0.05917878922030573 24.97
0.03379669819868614 0.06111966736577168 24.92
0.03512951824981059 0.060939302772926585 24.94
0.03390688671974218 0.060337473895701765 24.95
0.02848076727210147 0.05971746530243205 24.94
0.031431039834361796 0.058812928324419755 24.95
0.03145483696137774 0.06309754941173651 24.94
0.02983125458260172 0.06159612894245692 24.93
0.029735785565309758 0.05814707404116615 24.97
0.03087134004511749 0.0566833069134145 24.96
0.029549047370948323 0.0562357887336451 24.96
0.028996971009104255 0.06098663172912433 24.95
0.0306679035341757 0.05733384145081 24.95
0.030237003087027703 0.05823604384962067 24.98
0.03443843470064889 0.059026764580712654 24.94
0.03583046306196569 0.05512779411382995 24.98
0.034674034434346024 0.057508183702392635 24.94
0.031664117689044424 0.0630191506987623 24.94
0.03336346034825821 0.05499091492470798 24.98
0.03448746070291864 0.05648152838004106 24.96
0.03269812372773484 0.05743815314796652 24.96
0.034585961206016425 0.060058249397361596 24.97
0.03339399696646206 0.06107538441918747 24.95
0.03536366889115572 0.06290248725050773 24.94
0.031145931049436082 0.05402824872886347 24.96
0.030446765492525563 0.04921679495493836 24.93
0.030717777224638643 0.0521047762726512 24.96
0.03000754088156965 0.05182307751284898 24.96
0.030035392895911728 0.05058047919886777 24.94
0.029435628501886524 0.05211178519379178 24.96
0.029818123908336713 0.04956223536292759 24.97
0.029274970815893364 0.05222637868560498 24.95
0.02879395295505771 0.05159375839206792 24.95
0.029977981977614032 0.049579630662308416 24.97
0.03335340764202399 0.051797231043170244 24.97
0.0335006593512428 0.056744209053029904 24.96
0.03389183357518388 0.053565835203654766 24.96
0.0334725924406345 0.05211862021505198 24.97
0.03477678021362418 0.05082935657864274 24.98
0.03253089118216412 0.0502746810296294 24.98
0.03368153473994051 0.05102951507923881 24.98
0.034021930633847175 0.05499862089862806 24.96
0.0333758262785111 0.051390268693979 24.95
0.033983130035443065 0.05297928062505963 24.98
0.0329198909529258 0.05084029480878827 24.98
0.03342118703409214 0.04758504912704009 24.97
0.03479537590493054 0.05089943215190251 24.95
0.034649349355272085 0.050256450365584016 24.96
0.033280720417596554 0.05452271225101224 24.95
0.03452918605927635 0.04944800932918114 24.96
0.03319987960564841 0.04875057233940194 24.98
0.033813530962934046 0.04878263055073295 24.97
0.032871196258205226 0.051983601433001514 24.96
0.03453505236185461 0.05331173033514591 24.97
0.031254913840314646 0.05094895126592547 24.9
0.03104217190117997 0.050334849453531616 24.92
0.03152345151628455 0.053877660419345386 24.92
0.030995906195335432 0.04912470200029806 24.92
0.03037866787906751 0.052017266273344465 24.91
0.03189833602472514 0.051287948521783644 24.91
0.031534152003105165 0.05092723255736431 24.93
0.03245455655380325 0.04892747971755862 24.92
0.031615529307864265 0.05401354097485467 24.9
0.031003185002921985 0.0510077749552047 24.94
