0.12881413713958312 0.12695970959511726 24.8
0.19211545947423192 0.15664178237084836 24.53
0.11416861197140993 0.10974608908692884 24.77
0.12919249376909892 0.09711425825993825 24.75
0.09939024265510066 0.12774094522505097 24.79
0.05780493915335061 0.0855305690817032 24.92
0.05564762407697299 0.07503921615136333 24.93
0.05546030490021325 0.07937283595496636 24.94
0.05872795320242685 0.07225386669762401 24.96
0.05699979453550352 0.07782481632223281 24.94
0.039611078042448566 0.060498438461756066 24.98
0.0404869873722582 0.06183725353800329 24.96
0.03966998014089251 0.060106298717682693 24.97
0.039981993932416304 0.06157257995770604 24.99
0.04165689561364061 0.06229677287998758 24.98
0.04886333830635925 0.05806553883310628 24.95
0.04695185680232894 0.0552261740414578 24.98
0.04622447482469294 0.059505865588067586 24.97
0.047490224453221375 0.06180266656814426 24.95
0.04717361649755536 0.06003678504227883 24.94
0.042017167450146053 0.06055163507904415 24.93
0.03925901306476365 0.055596199433329385 24.99
0.04152162608928933 0.05779925267445152 24.93
0.04146183142995685 0.055353222281070646 24.95
0.03979887631780854 0.057852439190383964 24.96
0.03593310048030207 0.056450682450091993 24.99
0.03718501967849219 0.05839668905143769 24.94
0.0357576094351999 0.05525667126874967 24.96
0.036732521476465885 0.05495376389182516 24.96
0.03579154416747177 0.05563490224548173 24.97
0.040025770542355676 0.0568737418206251 24.98
0.040553556967023896 0.05674392859371491 24.94
0.039130757475797084 0.055722064528304416 24.95
0.03972430305912378 0.055965198586597764 24.95
0.03980417662254476 0.06205504801314732 24.98
0.0418100520184016 0.05753358500602179 24.96
0.03910666765837201 0.05313686784336258 24.94
0.040137415617393035 0.05763696228357862 24.95
0.040635209922555315 0.05396749835032966 24.96
0.03825493156746962 0.05486367101106071 24.97
0.03863976915759437 0.053222772783652395 24.96
0.040024641183260545 0.05681710189106792 24.97
0.04078620137664535 0.05703377175352242 24.93
0.0409085898153525 0.052083277726376886 24.95
0.04058761774677 0.05688850619476904 24.96
0.038139589041059185 0.05354358213719013 24.92
0.03699577841707846 0.055272723023427894 24.96
0.03879173159481364 0.059400607195886024 24.95
0.036894178178902615 0.05742296394131041 24.92
0.035483842229128704 0.05557734643668799 24.97
0.04072654074432647 0.055016103678022676 24.93
0.0398697599425063 0.05646590363617254 24.95
0.03828772191786556 0.05058288152196555 24.95
0.03940855422166445 0.05644096462796766 24.92
0.04111651279069162 0.059168362978207045 24.92
0.04256279628795101 0.05349313814110401 24.98
0.038188638118059504 0.05957071411990922 24.94
0.04187611818935577 0.04680600778912636 24.95
0.04026039175567209 0.05796507322074096 24.94
0.03838615075533236 0.057966520060232396 24.92
0.03746807323486212 0.05831450361496948 24.97
0.037703156965214535 0.06197186364707463 24.96
0.037045578150744274 0.0637990502955994 24.97
0.03695742287881687 0.05951216486007127 24.92
0.03675608772407957 0.05986952528422673 24.97
0.04012307239201118 0.05610354151027852 24.94
0.04191421002882689 0.05738706825572648 24.97
0.041500505093761575 0.05605911061084601 24.93
0.0417396969199495 0.06283708533209909 24.95
0.04265150757372882 0.059550822566020845 24.95
0.03652871229269283 0.05632184161962672 24.97
0.03686791261666056 0.05981619250469239 24.93
0.03762154308742838 0.05900488493873912 24.92
0.0368948090243455 0.06051812725294736 24.96
0.03661648843621523 0.059517946449640924 24.9
0.03727251153616862 0.06513160553100794 24.95
0.03583691898611718 0.06100657198513726 24.93
0.03730060408161007 0.059797796696912986 24.91
0.03882214868513667 0.05863485958830128 24.92
0.036292642522746665 0.05784708085480195 24.96
0.036997625567295356 0.058233868848888926 24.91
0.03826761603215245 0.05765519070511005 24.92
0.03789152937229412 0.059385161155687705 24.96
0.03754194705799496 0.057816096806477035 24.92
0.03684551950438031 0.058998931388827724 24.92
0.03359936888549531 0.05736510520272875 24.96
0.03516562145627533 0.054446938346930374 24.95
0.03610076589147837 0.05339324680228974 24.95
0.037929455790401634 0.05531952695166342 24.95
0.035721985945831314 0.05423551377049307 24.97
0.03404467749758511 0.05329764508146728 24.94
0.03679838614172337 0.058870944426419936 24.96
0.03599807189353188 0.05920974166940529 24.93
0.03506381356990007 0.05739578192681516 24.93
0.037661877579602154 0.05373834396805821 24.96
0.04391940572219111 0.05252354657531588 24.98
0.042338517297297096 0.053744257380655136 24.92
0.04414409536838737 0.057597109292119364 24.98
0.04290401983342462 0.057411443613821556 24.91
0.0433803649830945 0.0531808257258084 24.95
0.03798690153013551 0.06615428107948562 24.9
0.03830320052842351 0.05477536113016779 24.91
0.0395169403804273 0.05608259760057566 24.93
0.03781033241053111 0.058688654759026626 24.93
0.039665672442507516 0.06670279066661466 24.92