0.1217194817420133 0.22340906683712103 24.7
0.11463945101386908 0.14022281851245666 24.79
0.10456651076767232 0.14642248613820696 24.82
0.11395671724500434 0.12652104493366367 24.86
0.4328434733468859 0.3572216212579079 24.68
0.12149531272226044 0.1347110895326109 24.64
0.12700560492103496 0.11090184656095303 24.79
0.06888711071001652 0.14503671089892667 24.85
0.07658817475326718 0.15564175611950803 24.85
0.0910928635116659 0.12264288727200112 24.83
0.04842132038921776 0.07673764220997381 24.96
0.04894986516639033 0.08107636288664521 24.93
0.050787475848427355 0.07977431338186225 24.95
0.05088830208350059 0.07889398252437896 24.95
0.048815331097185166 0.07611182406050088 24.97
0.04989152164190269 0.07816388618376857 24.99
0.05047677612129564 0.07582283223776343 24.98
0.05193593141047459 0.07890076947837965 24.99
0.051475485539133725 0.07497237512053279 24.98
0.049599921402744496 0.07606282637100392 24.98
0.03976364027219004 0.08536824661846065 24.98
0.038805379998795964 0.08158469626188458 24.95
0.04059653898933502 0.08664816420879062 24.98
0.03778104016141415 0.08159524263303775 24.98
0.03869057955957034 0.08530236810556602 24.98
0.03786397293908461 0.08360578553177878 24.95
0.038765971048985826 0.08648036288439187 24.96
0.03787191937943912 0.08571372562575574 24.95
0.03941413399204752 0.08519147867398369 24.97
0.0369659113328179 0.08610157795470752 24.97
0.03591024733185688 0.06616760493050011 24.9
0.03560415514333759 0.06113876011745534 24.96
0.03577311377253489 0.06652173502172443 24.94
0.03777231655424773 0.06121399431197849 24.94
0.03550721120302969 0.06320102150224693 24.9
0.036782823046442426 0.06788313051665495 24.87
0.037341345098093615 0.06694271338003954 24.92
0.03655450590025022 0.06585400111394213 24.91
0.03616250617997219 0.0621366163485253 24.88
0.03603193366916546 0.06471786191700546 24.92
0.035065394959060026 0.058611050905397755 24.94
0.03374841942647333 0.053825094582089394 24.93
0.03378471116074311 0.05687832826173944 24.94
0.032505839710278206 0.05717870474302966 24.86
0.03472930006745745 0.05918631367470384 24.87
0.03398652150458403 0.05758147215628229 24.9
0.03488201632858123 0.058762571878636316 24.95
0.03427950988014539 0.057414400000843635 24.92
0.03604420789022489 0.057165507222414313 24.87
0.03468822810062888 0.059833392738598 24.85
0.0347083614537651 0.055834789806510354 24.96
0.03415004160372648 0.05620366690188239 24.97
0.035310874358105315 0.05621717151789429 24.97
0.03371310632541036 0.05502529216161178 24.98
0.03370366819877513 0.05852117883347774 24.98
0.033383353248200076 0.058157894559882406 24.97
0.03518360698874734 0.05824029901484551 24.97
0.034833481779972475 0.058918360128190406 24.93
0.03562188939378386 0.05278003610208426 24.98
0.03577571877988883 0.05538232504034113 24.97
0.0342995223479402 0.051182805242696694 24.97
0.034182185792825504 0.0477394009482488 24.98
0.035721698570743476 0.05105727747098632 24.98
0.03377890430175101 0.05019006472560594 24.98
0.03479613485797317 0.055712388056936235 24.96
0.03629161515985824 0.053250176320658094 24.96
0.03425475264195754 0.04831926458476343 24.97
0.034254552081182665 0.05067685622085616 24.96
0.03531504357485504 0.0512657761008769 24.96
0.036265587111603104 0.052955712950515155 24.95
0.03098108875387051 0.047720169634016596 24.98
0.030426249530672744 0.04766328631128014 24.99
0.03024306627109763 0.04398035030633707 24.98
0.030794186595321515 0.0472126089074244 24.96
0.03069812664289695 0.04866150543687764 24.97
0.03222692479496614 0.04670920679756119 24.97
0.02978392837336341 0.04798435954302083 24.97
0.030066240488668128 0.04616624719274598 24.94
0.029357759223092028 0.04514634165994469 24.96
0.02877407986743985 0.04509556852655128 24.97
0.027289181050634825 0.04136201192955502 24.96
0.028149927802881503 0.04241765549334364 24.95
0.027496223441096812 0.04560772235529853 24.96
0.028260928732013135 0.03945817906225946 24.96
0.02742525353734948 0.04291396508131129 24.95
0.026900031026792726 0.04035626261979597 24.96
0.027755621990960155 0.04296086543281252 24.93
0.027933710858811023 0.0428125741420905 24.97
0.02793414462180399 0.04435833528365274 24.95
0.02764089063620201 0.04269139275783529 24.97
0.026621561250704695 0.0508474293187805 24.93
0.028013199692939028 0.04672368496476109 24.97
0.026356538293059062 0.04706911282093662 24.96
0.02698353177270807 0.047300161773441984 24.96
0.027166551544790307 0.04606871890345443 24.95
0.027507169787308938 0.05073603610937483 24.96
0.027463403205749692 0.047137801143888214 24.93
0.024737536738683286 0.04624092221122955 24.97
0.027246758842524033 0.04283241619619749 24.96
0.02730371239613194 0.048156066528567854 24.94
0.028769409132191726 0.043790835929785166 24.97
0.0282939727180056 0.045164288633218086 24.97
0.027647349178422154 0.047788402768746185 24.96
0.026452315078459465 0.0460266551539783 24.94
0.027914526535097406 0.04552164810367487 24.95
0.028116785629926255 0.04510061764824802 24.94
0.026554809338711904 0.04542091452216612 24.98
0.02800553514668591 0.03915461956503097 24.98
0.028460984928294963 0.045357935692239004 24.97
0.02751514053226023 0.043352320676918854 24.92
