0.12287787474169054 0.12615261162025493 24.82
0.11567915622123748 0.13107496589213086 24.8
0.11949386350901325 0.09892274437920179 24.84
0.11465791874563858 0.1012003871849626 24.86
0.09790699533503888 0.12365063057902814 24.75
0.09988888026883724 0.12068187399861396 24.87
0.10576790144738912 0.13137157400746458 24.74
0.08847136231155006 0.11848101387693333 24.8
0.09201330022094811 0.10555913064214917 24.84
0.08281302641992982 0.119307196129256 24.83
0.05289378836670622 0.07287148001211863 24.9
0.050084602882099705 0.0892879532730898 24.95
0.05310689300253446 0.07428656891711927 24.9
0.05204025794744127 0.08465986281706395 24.89
0.05371651066495697 0.07331817654675088 24.91
0.05038250046536119 0.07996566749282574 24.91
0.0516267160050502 0.07311713021859423 24.94
0.0536633163337753 0.0772795851770609 24.92
0.05171961423687266 0.08897033036628121 24.9
0.05272208325283845 0.08350596931254006 24.94
0.052313024145136944 0.06760617021120785 24.94
0.05131316276460096 0.06352491358525603 24.96
0.05075111223495754 0.0656441284527276 24.97
0.04827253173005974 0.0672873726484875 24.92
0.04889079189422674 0.07017796814802923 24.93
0.0509074908735877 0.06896614650689825 24.97
0.04909059130045934 0.06941803750233388 24.96
0.04836872533750536 0.06478216886718668 24.96
0.05234180035958236 0.06736856197106822 24.97
0.0482020314013516 0.07028267925198017 24.95
0.04242690714677666 0.06580860774774577 24.96
0.04459083021524568 0.06418042264723511 24.98
0.04312392894210182 0.0675867983423275 24.98
0.045056640955831395 0.06878038565165456 24.94
0.04410216196132877 0.06558112920678638 24.96
0.043843537226259555 0.06955608628055099 24.96
0.044313549158334076 0.06968622022996751 24.97
0.0438993207670052 0.06394067223298394 24.98
0.043795844098963865 0.06652701371023628 24.98
0.04267249166015741 0.06355662386328309 24.97
0.041478328436234224 0.06353492477504974 24.97
0.04094826512920147 0.061061960413380634 24.97
0.04084192621497007 0.062292909949772324 24.97
0.040936537400537376 0.06706749401558332 24.96
0.04322502607093037 0.062136917625958854 24.97
0.041210165752176064 0.06147309966405279 24.98
0.04299012541769709 0.0623839907398096 24.96
0.04109623294395659 0.06312201687377628 24.97
0.042959588244545155 0.06121937844038017 24.96
0.04258069878696036 0.06061833178623521 24.97
0.037340650698189815 0.058247310707775 24.97
0.03748827671307009 0.054566939936168346 24.98
0.0353115432856308 0.057393306082868634 24.94
0.036570014019041364 0.05432828768190734 24.98
0.03665810864523111 0.055905640177760785 24.97
0.036743712663649175 0.059805735081734035 24.95
0.03724690683566967 0.06064245858402273 24.97
0.03603510290052858 0.05373676831365737 24.95
0.03662730550494997 0.05564815723756855 24.97
0.03704836583630533 0.054095140967237776 24.98
0.03765998541442783 0.05268132587925012 24.96
0.037763306301880184 0.0527035586483362 24.94
0.03710779220900251 0.053591852591212796 24.93
0.037239107420776074 0.054970294184374935 24.95
0.037961126314146165 0.053966439797016985 24.92
0.03564616376247254 0.0555745304937707 24.97
0.03570813830735009 0.055515717039805956 24.92
0.036041438714315976 0.05651108813924355 24.93
0.03754458193968435 0.0530057971466098 24.96
0.03703012923428728 0.053277867676475354 24.94
0.037101807129022 0.04931837850592158 24.97
0.03596034325929598 0.05006823135294358 24.94
0.03693003690775898 0.04946942118272635 24.97
0.038058566280186445 0.05154446208542396 24.96
0.0371893394407985 0.04854617339327205 24.97
0.037324295331281565 0.04900997487214209 24.96
0.0399151286639049 0.04889968418265567 24.96
0.03743674633069505 0.049068881028523914 24.96
0.03631949994115258 0.04819888280392837 24.96
0.038459697591712416 0.04854091759291701 24.96
0.04280371753131196 0.05344133867771983 24.94
0.045178786446520736 0.05001426164621425 24.96
0.044257555044035946 0.04975070267744486 24.94
0.04157652161077008 0.048728186826216935 24.97
0.04324762229655921 0.048549975527496625 24.97
0.04303604262097804 0.0502500829822381 24.97
0.03953063810049395 0.05008995274573502 24.97
0.04094118240769562 0.0449134608059254 24.95
0.04272273170157803 0.05036180824763048 24.98
0.043930068122681964 0.04960054088946275 24.98
0.04031698870583267 0.06306126563952663 24.88
0.041232155508487134 0.05694792472309773 24.91
0.04038349874790881 0.06422190865533717 24.9
0.04073700276776404 0.06268326368885513 24.92
0.042960038123716404 0.06557742438593228 24.91
0.04146716395825467 0.06400538901669195 24.87
0.041153267985507114 0.06395400084374292 24.89
0.04215985839562986 0.06194179947608003 24.84
0.041005966379523695 0.06442067907318916 24.95
0.04118679900340694 0.0628632050957908 24.91
0.04193733380584097 0.058719909201350284 24.93
0.038967426436695596 0.057117417582212116 24.93
0.03980855681472084 0.05376781850757395 24.95
0.03978927557290701 0.05858912329358357 24.93
0.04040151043741913 0.06003823157984456 24.95
0.04021675605716413 0.05724618826259076 24.93
0.04217528834801787 0.054924653548234836 24.96
0.039029175054274945 0.05690747871385238 24.96
0.03977591302443628 0.05357921232074192 24.96
0.039815458579037344 0.058175532325838386 24.95
