0.12287787474169054 0.12615261162025493 24.82
0.11567915622123748 0.13107496589213086 24.8
0.11949386350901325 0.09892274437920179 24.84
0.11465791874563858 0.1012003871849626 24.86
0.09790699533503888 0.12365063057902814 24.75
0.09988888026883724 0.12068187399861396 24.87
0.10576790144738912 0.13137157400746458 24.74
0.08847136231155006 0.11848101387693333 24.8
0.09201330022094811 0.10555913064214917 24.84
0.08281302641992982 0.119307196129256 24.83
0.06507957630262706 0.08159465256308462 24.94
0.06095696293546571 0.08418470433846736 24.96
0.06261238690343418 0.08768092235056801 24.93
0.06107491663370013 0.08747453884689971 24.97
0.05789113405431834 0.08698647110967972 24.93
0.05840126720724892 0.08825821113951704 24.94
0.061382095084264954 0.08512942166667026 24.96
0.06231190148444332 0.09089924617560652 24.97
0.0634134557568522 0.08729044665789754 24.94
0.05547206207037858 0.08836774320615592 24.92
0.058174225028189475 0.08507416265368417 24.95
0.05078352021464494 0.0826481886556597 24.94
0.0565809483177111 0.08924668455213602 24.93
0.04988902231724468 0.07879633364109306 24.94
0.05038145678362549 0.0826064893016294 24.96
0.057586201469676745 0.08148133992876683 24.91
0.05852518570769605 0.08590009855615055 24.96
0.04805959659529846 0.07683027585699875 24.95
0.059465333222493255 0.08574865940633003 24.96
0.05754477576349881 0.08590337687948368 24.96
0.04997432323990736 0.06818905042449586 24.93
0.047704362959590685 0.07148840351206065 24.95
0.04617584138750319 0.072133474851652 25.0
0.04793471048096454 0.07849430564596593 24.92
0.05075804662228123 0.07278426904805468 24.95
0.050530471782620934 0.074456524193249 24.94
0.04789875113019759 0.06849874083723673 24.94
0.05077620826114593 0.07086084227541745 24.95
0.048193800306282064 0.06759319365778427 24.9
0.04614861562590433 0.06988259795449447 24.97
0.14175788950588497 0.09133481025180745 24.61
0.13892145204750705 0.09005035816507234 24.79
0.13715391171026226 0.08265276497267782 24.84
0.14017754938489901 0.08802230813762224 24.75
0.13488560436928299 0.08549771071248802 24.72
0.14380584498574944 0.09233745522863346 24.66
0.1423742349436441 0.08666473455122681 24.64
0.14201296093461446 0.08367306059424362 24.7
0.1439801771740511 0.08742820291213316 24.7
0.14384408053925668 0.08837141449713126 24.63
0.03118062286322254 0.056215809318333365 24.95
0.031584985447848046 0.0564337786772805 24.9
0.031704175677585766 0.057410505381736865 24.94
0.031868982148281155 0.05300911923033658 24.91
0.03093433974215276 0.05661331357654231 24.9
0.030853930434293964 0.05865802308451207 24.87
0.031657768601952796 0.05353645031085652 24.93
0.03067528569354805 0.056923770788933736 24.92
0.03207722028968463 0.05772650399924073 24.92
0.03109198105634281 0.056790186730598546 24.92
0.027285344665474054 0.049878840575466654 24.95
0.029283790646440377 0.05696816733616583 24.95
0.028123530388525775 0.05372976451207789 24.96
0.0282556240917764 0.05293039604565419 24.94
0.028810477684747315 0.05229408386540724 24.95
0.029833071049728765 0.05407639223133953 24.95
0.02869908652279418 0.052442507189043086 24.96
0.029533501068304435 0.05027165237709097 24.97
0.029000047291514952 0.05102680132932047 24.95
0.029280409787931783 0.052214316081685475 24.97
0.02681032029163699 0.045838372110735826 24.97
0.027419099951421888 0.0477377275297407 24.96
0.02634872822709322 0.047608944396894115 24.97
0.02741122950804109 0.053276177128509516 24.93
0.028432268088772084 0.0482755181028891 24.97
0.026089994647993553 0.049819357630647154 24.97
0.02727412231258497 0.05022081991823113 24.94
0.02875205829944716 0.05095525130216161 24.95
0.028447727684336677 0.045043536292366904 24.98
0.028114250392374474 0.049434528452315774 24.98
0.02176102246455447 0.04524487785941733 24.96
0.02305476117597649 0.046726982122787364 24.98
0.022068499401387554 0.04694447120373835 24.97
0.021580896611682943 0.0464640534380264 24.96
0.022158286880293754 0.04786164372764068 24.96
0.02057643860802416 0.046848746257275864 24.99
0.021077242556865716 0.04845774886289844 24.98
0.02154628416850235 0.04780472958147153 24.97
0.02141515743485778 0.0453569515748532 24.95
0.021621773667293787 0.04917986005919062 24.97
0.025408356442525704 0.044740309290346114 24.97
0.023059709142814744 0.04800857660083646 24.96
0.02361142776760916 0.04401993786788749 24.97
0.024475084977687134 0.045929512739159684 24.97
0.024605309216203852 0.0410897102872545 24.97
0.023683955882752072 0.0450748256075576 24.96
0.024833079527085467 0.044713006546181044 24.98
0.023066368173467744 0.045484847624673086 24.96
0.022936329726961913 0.04639260389630662 24.96
0.024072299631603067 0.04042155117766266 24.98
0.023782189807069143 0.04136523188274266 24.97
0.022808353190404307 0.042501985254008945 24.97
0.02359075759134499 0.045509415075413506 24.96
0.02340711912905935 0.04420240385516938 24.94
0.022543561426503267 0.04367103998388411 24.94
0.025180594620587304 0.043945526195981355 24.98
0.02286362969390643 0.03983481779746101 24.96
0.02440032683496729 0.042732643623997535 24.97
0.02308401646999103 0.042881465674679764 24.97
0.024199220495570994 0.046808043411695865 24.96
