0.05116726631237034 0.07721431806323831 24.97
0.05133573300832095 0.07687723900680754 24.95
0.05180656972902342 0.07499715748838898 24.94
0.048782592699237015 0.07740304738024695 24.96
0.04912267543540172 0.08176536821170788 24.96
0.05005403528582941 0.08291322537801582 24.95
0.05045377476536839 0.07578386682449834 24.96
0.05054115767217493 0.07133280918973783 24.91
0.05106040255671873 0.08454385235111206 24.98
0.05272368347497103 0.07029665676031416 24.97
0.04527216507964438 0.07589117139859014 24.95
0.04143771427727627 0.07466845381369736 24.96
0.04600773830074767 0.06680079689702068 24.96
0.04068535061516543 0.07662961769481813 24.98
0.04486835318364124 0.0732543177451569 24.94
0.041071083206253745 0.07433500675039939 24.97
0.047899250100551516 0.0713963396045646 24.98
0.047058206558895144 0.07516823819915819 24.97
0.044764258262712575 0.07039465343363616 24.96
0.04555334530441446 0.07952443208511606 24.95
0.0363820786582667 0.06073166536617891 24.96
0.03760045451110505 0.06278045697428791 24.98
0.03579912520884254 0.06608885557592914 24.94
0.03553063341411711 0.05845702409619791 24.95
0.03604546604469516 0.05919312223037532 24.94
0.03631602111457044 0.06168790736571583 24.94
0.03647281748240716 0.061313582613097606 24.94
0.03840834457676412 0.060126142112905345 24.95
0.03528209688508699 0.058135291724970006 24.96
0.03615880460899534 0.06366676389908987 24.93
0.03495932834018589 0.05627398948630413 24.97
0.03616818330535099 0.053835685186526816 24.95
0.03625463738261514 0.053626513667307196 24.98
0.035622546652359977 0.05606296936497801 24.99
0.03576867105151538 0.056214891986420046 24.98
0.035628559528243064 0.05388818532066797 24.97
0.03562023988132834 0.056630392888771475 24.98
0.035847119852081444 0.054752260944196496 24.94
0.03541913654447437 0.05856870426932115 24.98
0.03717283563636764 0.05572121408781738 24.95
0.03227211736229807 0.05653369695395416 24.98
0.028369066018363642 0.05427970810285987 24.92
0.0301986394180499 0.059343351802688904 24.92
0.03131293579650174 0.05708186556861827 24.91
0.030788479419286974 0.05550777303051557 24.85
0.030602421741004804 0.056806424507282016 24.95
0.03100298134858448 0.057747022565580286 24.91
0.0296850498273018 0.05603834487898285 24.96
0.030361206901596605 0.05855755831702325 24.91
0.031623194362395246 0.053040243462103565 24.95
0.03153676556145346 0.04947100279559624 24.99
0.03434816798843754 0.05024971979207915 24.93
0.032410543884596965 0.05258904774270179 24.93
0.030840826705152313 0.05028094612336487 24.95
0.033700739132041524 0.049819977955666395 24.92
0.03278910473442953 0.050879219612334436 24.97
0.032445892376484875 0.05135238606328274 24.92
0.03187321196443671 0.048786185162908446 24.98
0.03099714296840783 0.04795996598538732 24.97
0.03146791523502235 0.05153801628807331 24.92
0.0379359853910185 0.05936783289021097 24.93
0.03906628539075574 0.06079559632369713 24.97
0.03522728661958485 0.05245331561797073 24.97
0.037094880709739875 0.05733575296201532 24.95
0.03529118379848939 0.05639607356300569 24.94
0.03690233068063509 0.05458234502692283 24.95
0.03840320813745224 0.05709282264670479 24.96
0.03594036039644943 0.055219837768812674 24.93
0.03603462555877324 0.058512675261354286 24.96
0.03715086089850328 0.05566211077664984 24.94
0.03017945548106926 0.04313894236889371 24.97
0.030659809310491837 0.04206138059734599 24.97
0.02984685557636524 0.042600497614980415 24.96
0.031158765349858064 0.04405064517311941 24.96
0.03109797238114853 0.04236884156914711 24.96
0.029340885225543456 0.04167472635942748 24.98
0.030673394082578076 0.04409893230971562 24.96
0.03054133607417764 0.0432124969452482 24.97
0.031154078731048473 0.042898997365127256 24.97
0.029304221043146672 0.04081032742035973 24.98
0.029653877509436155 0.045984741386979056 24.96
0.030011215470343133 0.04949776448092236 24.93
0.02985838444158262 0.049549085290172434 24.95
0.02869285861388815 0.04832282833054857 24.95
0.029618360637420738 0.04881752192935973 24.94
0.02963163535210822 0.0498802832002323 24.96
0.029933879961963172 0.047990168665410615 24.96
0.02956330608842317 0.05036082689263399 24.96
0.029174782562731427 0.046945620108450714 24.93
0.02967204171000659 0.05191017882373916 24.94
0.029364189697705267 0.044217775708848106 24.95
0.030934500666683573 0.04247663961518666 24.98
0.028897774901117224 0.04692812969957272 24.93
0.029701011383021392 0.04672011309904267 24.94
0.029207306663683763 0.0450877252476638 24.97
0.028947321584600894 0.04696984930511161 24.94
0.029283061031989632 0.047021693613614524 24.94
0.029737752363966807 0.04273400196645427 24.95
0.03077970094425664 0.04790863110884158 24.95
0.02939615105515203 0.044854338205465916 24.98
