0.04759898378264338 0.07728282619572224 24.88
0.046811340074396135 0.0710937606716664 24.91
0.04744769388694603 0.07034900614384298 24.91
0.060674380885112233 0.07412217525518505 24.93
0.044505427994982694 0.07146146875293813 24.94
0.04944958465155236 0.07057938443417067 24.96
0.04695595144741871 0.0735309821877409 24.9
0.046152644056685066 0.06635921014227664 24.93
0.04577550083009274 0.06802218944090654 24.92
0.04469942519826231 0.06704251045509124 24.94
0.04279984098386391 0.05782468090475279 24.94
0.04341594219221134 0.06098178044922431 24.94
0.04178714546648432 0.05624645438826559 24.93
0.04239735305574999 0.06064915936666604 24.87
0.043834908917049664 0.060884537789504534 24.91
0.04215659241746916 0.05911908027835355 24.92
0.04163681881597625 0.06479640664143727 24.92
0.04308967410452813 0.059286370676690736 24.92
0.04163716046047594 0.055194363836645666 24.94
0.04312753779663847 0.059435768727038596 24.94
0.04044994620991904 0.06749050135324719 24.9
0.03985695203018724 0.06565437220362569 24.92
0.039162530900267 0.061510087846912254 24.9
0.03951091864724798 0.06503547664871401 24.87
0.03889600102177493 0.06250816193128272 24.89
0.040678385743106116 0.06541795491565905 24.93
0.039808855926349085 0.061768926075131514 24.94
0.04066067702743126 0.06200027646375528 24.97
0.040358453938879935 0.06205011763746937 24.89
0.03904107143190161 0.06441720861917644 24.86
0.03890313501148557 0.056629640015739446 24.96
0.038943173481124416 0.05540967617793913 24.99
0.03977084927679808 0.061407262701238086 24.91
0.04002567899799492 0.06707642779221967 24.92
0.03932066202698903 0.06439826303284635 24.94
0.03975861070603204 0.06260044080591753 24.93
0.03822112188855964 0.05632671018101665 24.99
0.03873814963647282 0.060930904955275644 24.97
0.03975454067060824 0.05811627935177599 24.94
0.03988633499401262 0.06096705470981778 24.95
0.03677961453305334 0.05529177482944192 24.94
0.03663222716476722 0.059434712840993 24.98
0.03574582744028776 0.061198539851905265 24.93
0.035702694078578956 0.05955414265757819 24.91
0.037497969315755 0.060101232637759794 24.98
0.03795653680183708 0.06296224361257063 24.89
0.0369088901041188 0.06202268133144939 24.94
0.03631012978717696 0.05894496394115312 24.98
0.037577149316155634 0.06014496153662252 24.97
0.03743572894535063 0.06179383088217405 24.9
0.03896666276220617 0.05471508575206441 24.97
0.03733560601499464 0.05567324495839854 24.92
0.03733004648354121 0.056311234337802496 24.96
0.038377966416221154 0.05453223593577239 24.91
0.03659367991457718 0.0560999367448578 24.94
0.0383226583520494 0.05451175344464554 24.92
0.0362112931510391 0.05845467976635477 24.87
0.039100506815748726 0.05453113963481715 24.91
0.03847778094675258 0.05852115576315087 24.94
0.037774526241353024 0.05505167037531644 24.88
0.03826922510773745 0.06868325221801796 24.91
0.03755724550820749 0.06425201593466257 24.93
0.03860257568730818 0.06750446361384943 24.95
0.0383155062297148 0.06543045679051784 24.91
0.037469780048315804 0.062275288145989705 24.95
0.03771923890890516 0.06359951141291931 24.93
0.03724243885130818 0.06413178657200136 24.96
0.03826214474878553 0.06890682082787292 24.89
0.03810885266248776 0.06137142456113964 24.93
0.037335530065504274 0.05932564786766814 24.92
0.03925115086704667 0.05580118024735414 24.94
0.03761375884278029 0.059874041464185956 24.98
0.03914427470461812 0.05775555201334226 24.91
0.0397908791570627 0.060569544643200524 24.93
0.03970933893253037 0.06102052795413182 24.94
0.03920916745269154 0.061389156444077275 24.95
0.03860468980104981 0.06118289940999477 24.93
0.038120951628632715 0.056138652000467304 24.94
0.038686666816780235 0.06097351542612084 24.92
0.038755159433835895 0.056346035584099674 24.92
0.037694838195634794 0.06671357344590634 24.95
0.03891811000050083 0.06531654468851333 24.97
0.03827126074582421 0.06525283016881478 24.91
0.03749910586160898 0.06721087410869553 24.97
0.037879879978821696 0.058958110987520795 24.98
0.039052936315911446 0.06110992940832627 24.95
0.03793988077136978 0.06089791727780314 24.92
0.03825491000630654 0.07297738661597142 24.89
0.037661911027054185 0.06544859051696927 24.88
0.03787110246076408 0.05963552847567766 24.96
0.03687775066689758 0.06129815520682402 24.93
0.037115555389737875 0.0604262673317979 24.95
0.03699414623486996 0.06133954199600766 24.92
0.03669423577022257 0.06365445293492966 24.95
0.03567133106020548 0.05824102860370073 24.97
0.0369366646908571 0.05735809265926217 24.92
0.035908938347393615 0.06209978383527215 24.94
0.03642950612331486 0.06215871316569932 24.92
0.035957094503925036 0.05652653882660119 24.91
0.03744960282275178 0.05896675160114828 24.92
